STEP 1: Value testing

Measuring the port of 2
Voltage List:
771, 711, 632, 542, 448, 359, 295, 248, 227, 236, 271, 327, 531, 620, 704, 768, 807, 824, 799, 768, 679, 600, 508, 415, 335, 271, 240, 227, 287, 352, 440, 531, 620, 704, 768, 803, 824, 799, 768, 679, 600, 508, 415, 335, 231, 225, 248, 287, 359, 440, 531, 624, 704, 768, 799, 824, 799, 768, 684, 591, 415, 335, 271, 231, 225, 248, 287, 359, 440, 527, 624, 704, 768, 799, 824, 799, 679, 600, 508, 414, 335, 271, 236, 225, 248, 287, 359, 448, 536, 624,  
Measuring the port of 3
Voltage List:
696, 688, 664, 627, 575, 527, 472, 423, 384, 353, 344, 352, 423, 480, 527, 583, 632, 664, 688, 696, 679, 652, 611, 561, 508, 455, 408, 371, 348, 355, 385, 423, 480, 529, 583, 632, 664, 688, 696, 679, 654, 609, 561, 508, 408, 376, 352, 344, 359, 385, 423, 480, 529, 583, 632, 664, 688, 696, 679, 652, 560, 508, 451, 408, 369, 352, 344, 355, 385, 428, 480, 531, 583, 632, 664, 688, 679, 652, 609, 560, 508, 451, 408, 369, 352, 344, 359, 385, 428, 480,  
Measuring the port of 4
Voltage List:
414, 455, 504, 551, 600, 636, 664, 671, 671, 654, 624, 575, 472, 423, 387, 368, 359, 368, 391, 423, 472, 519, 568, 609, 639, 668, 671, 668, 608, 568, 515, 467, 423, 387, 368, 359, 369, 391, 428, 472, 519, 572, 611, 639, 671, 668, 639, 608, 568, 515, 465, 423, 387, 368, 359, 368, 391, 428, 476, 519, 611, 639, 668, 671, 668, 639, 608, 568, 515, 467, 423, 387, 368, 359, 368, 391, 472, 519, 569, 611, 639, 668, 671, 639, 615, 574, 526, 480, 432, 391,  
Measuring the port of 5
Voltage List:
664, 620, 568, 511, 455, 408, 368, 344, 335, 348, 384, 415, 543, 600, 639, 679, 704, 704, 679, 639, 604, 547, 492, 440, 391, 353, 335, 335, 387, 433, 487, 543, 600, 639, 679, 704, 704, 679, 639, 604, 543, 492, 435, 391, 335, 335, 353, 391, 433, 487, 543, 600, 639, 696, 704, 689, 664, 624, 572, 440, 385, 352, 335, 335, 355, 391, 440, 496, 543, 604, 639, 679, 704, 704, 679, 604, 543, 487, 433, 387, 352, 335, 335, 355, 391, 440, 494, 551, 604, 639,  
Measuring the port of 6
Voltage List:
927, 927, 896, 816, 705, 583, 455, 335, 240, 159, 127, 124, 271, 387, 511, 636, 743, 831, 899, 931, 926, 864, 768, 652, 527, 399, 287, 199, 120, 127, 192, 280, 391, 655, 768, 856, 911, 935, 911, 844, 743, 632, 316, 220, 152, 120, 127, 176, 255, 359, 481, 609, 718, 816, 896, 927, 931, 880, 664, 540, 415, 300, 207, 143, 120, 135, 185, 271, 384, 504, 624, 737, 830, 897, 927, 871, 771, 664, 540, 414, 295, 207, 143, 120, 127, 192, 255, 384, 504, 624,  
Measuring the port of 3
Voltage List:
384, 287, 220, 176, 167, 195, 255, 335, 440, 543, 652, 743, 871, 871, 830, 768, 664, 556, 448, 344, 255, 199, 167, 176, 216, 284, 376, 480, 688, 771, 839, 871, 878, 824, 768, 664, 551, 448, 344, 255, 199, 172, 176, 216, 384, 480, 583, 688, 771, 831, 871, 876, 828, 768, 664, 551, 448, 344, 255, 199, 176, 216, 284, 376, 480, 583, 688, 771, 831, 871, 876, 830, 768, 655, 551, 448, 255, 199, 167, 176, 216, 284, 376, 480, 590, 743, 816, 864, 880, 847,  
Measuring the port of 4
Voltage List:
368, 408, 455, 515, 574, 625, 668, 696, 705, 696, 670, 632, 496, 440, 387, 352, 334, 327, 348, 384, 423, 481, 542, 600, 639, 679, 704, 704, 655, 608, 551, 496, 440, 387, 352, 335, 327, 348, 384, 423, 481, 540, 600, 639, 704, 704, 688, 655, 608, 551, 496, 440, 387, 352, 335, 327, 348, 384, 487, 600, 639, 679, 704, 704, 688, 654, 608, 551, 496, 440, 387, 352, 334, 334, 352, 428, 481, 542, 600, 639, 679, 704, 704, 688, 655, 608, 551, 494, 440, 387,  
Measuring the port of 5
Voltage List:
408, 384, 368, 368, 384, 412, 449, 496, 543, 588, 624, 654, 664, 639, 608, 568, 519, 472, 430, 391, 384, 368, 385, 415, 455, 504, 543, 638, 664, 671, 664, 639, 609, 572, 526, 476, 432, 398, 384, 368, 371, 391, 423, 513, 560, 604, 638, 664, 670, 664, 639, 611, 572, 519, 480, 432, 398, 384, 368, 391, 423, 465, 512, 561, 604, 638, 664, 670, 668, 639, 609, 572, 519, 476, 432, 384, 368, 376, 391, 423, 467, 513, 560, 604, 638, 664, 670, 664, 639, 609,  
Measuring the port of 6
Voltage List:
624, 547, 476, 399, 344, 295, 280, 284, 307, 352, 415, 591, 659, 711, 768, 768, 768, 711, 655, 591, 519, 448, 384, 319, 287, 280, 287, 384, 448, 519, 591, 664, 711, 768, 768, 768, 716, 664, 591, 515, 448, 384, 319, 280, 287, 319, 384, 448, 519, 591, 664, 711, 768, 768, 768, 711, 655, 591, 515, 384, 319, 287, 275, 287, 319, 384, 448, 519, 591, 664, 711, 768, 768, 768, 711, 600, 515, 448, 384, 319, 287, 280, 287, 319, 384, 448, 519, 591, 659, 711,  
Measuring the port of 7
Voltage List: 
49, 92, 176, 287, 432, 575, 716, 831, 927, 992, 974, 876, 768, 608, 462, 316, 192, 103, 51, 51, 88, 176, 287, 432, 575, 716, 931, 992, 1016, 972, 876, 743, 608, 455, 319, 192, 99, 49, 48, 96, 176, 287, 575, 718, 844, 927, 992, 1011, 967, 881, 743, 600, 451, 312, 199, 99, 49, 48, 184, 287, 432, 575, 718, 839, 935, 993, 1016, 967, 871, 768, 604, 451, 312, 192, 49, 48, 96, 176, 291, 435, 575, 719, 839, 935, 992, 1008, 966, 876, 768, 600,  
Measuring the port of 0
Voltage List: 
167, 152, 176, 224, 305, 408, 515, 624, 718, 796, 847, 864, 807, 719, 620, 508, 398, 295, 216, 167, 152, 176, 231, 312, 414, 519, 632, 799, 847, 871, 864, 807, 719, 615, 508, 391, 295, 216, 163, 152, 176, 236, 312, 519, 632, 728, 799, 856, 871, 860, 803, 719, 615, 504, 391, 295, 220, 163, 152, 231, 316, 412, 519, 632, 728, 799, 856, 871, 860, 799, 719, 620, 504, 391, 291, 167, 152, 176, 231, 312, 415, 526, 632, 728, 799, 856, 871, 860, 696, 408,  
Measuring the port of 4
Voltage List:
575, 679, 768, 824, 856, 856, 814, 743, 655, 551, 449, 352, 199, 192, 207, 255, 335, 432, 536, 632, 728, 796, 844, 860, 831, 780, 704, 608, 408, 312, 240, 199, 192, 207, 255, 335, 432, 536, 636, 719, 839, 860, 844, 707, 615, 511, 408, 318, 248, 199, 188, 206, 255, 327, 423, 524, 625, 718, 792, 864, 846, 792, 705, 615, 511, 408, 318, 241, 199, 192, 206, 255, 327, 419, 526, 719, 792, 831, 864, 839, 783, 707, 608, 510, 408, 318, 248, 195, 192, 207,  
Measuring the port of 5
Voltage List:
451, 504, 560, 608, 639, 671, 688, 688, 664, 632, 583, 536, 408, 376, 352, 348, 359, 387, 428, 480, 531, 575, 632, 664, 684, 688, 675, 639, 560, 504, 451, 408, 371, 352, 348, 359, 387, 432, 480, 531, 575, 632, 664, 686, 671, 639, 608, 560, 504, 451, 408, 369, 352, 352, 359, 387, 428, 480, 536, 583, 664, 684, 688, 675, 639, 608, 560, 504, 451, 408, 369, 352, 348, 359, 387, 432, 536, 583, 632, 664, 688, 688, 671, 639, 608, 558, 504, 451, 408, 371,  
Measuring the port of 6
Voltage List:
455, 399, 353, 319, 316, 327, 353, 399, 455, 519, 575, 638, 716, 719, 704, 664, 611, 551, 487, 428, 384, 344, 319, 319, 335, 376, 423, 483, 608, 655, 696, 719, 719, 704, 664, 611, 551, 487, 430, 384, 335, 319, 319, 335, 423, 487, 543, 608, 655, 696, 719, 719, 704, 664, 611, 551, 487, 428, 384, 337, 319, 335, 384, 423, 483, 547, 608, 655, 696, 718, 719, 704, 664, 611, 551, 487, 384, 337, 319, 319, 335, 384, 423, 483, 547, 609, 664, 704, 719, 719,  
Measuring the port of 7
Voltage List: 
255, 255, 307, 364, 440, 512, 591, 664, 719, 768, 775, 728, 664, 590, 508, 423, 355, 304, 255, 255, 271, 316, 376, 448, 527, 604, 671, 768, 780, 768, 719, 655, 583, 511, 423, 355, 300, 255, 255, 271, 316, 376, 448, 604, 671, 732, 768, 775, 768, 719, 655, 583, 504, 428, 355, 304, 255, 255, 271, 368, 448, 527, 608, 671, 732, 768, 775, 768, 719, 655, 583, 504, 423, 359, 295, 255, 271, 318, 384, 448, 527, 608, 671, 736, 768, 775, 768, 719, 655, 583,  
Measuring the port of 0
Voltage List: 
575, 536, 483, 440, 399, 384, 366, 368, 391, 419, 463, 568, 609, 639, 664, 671, 668, 639, 611, 568, 519, 472, 432, 396, 371, 359, 371, 432, 472, 519, 568, 608, 639, 664, 671, 668, 639, 611, 572, 519, 472, 430, 391, 364, 369, 440, 481, 527, 575, 615, 639, 670, 671, 664, 639, 608, 560, 440, 399, 376, 368, 369, 391, 423, 463, 513, 560, 604, 639, 664, 671, 668, 639, 568, 515, 467, 423, 391, 369, 368, 376, 399, 432, 480, 527, 574, 611, 639, 668, 668,  
Measuring the port of 1
Voltage List: 
831, 896, 924, 911, 856, 768, 639, 524, 399, 287, 199, 145, 211, 304, 415, 540, 655, 768, 847, 903, 924, 902, 831, 736, 624, 312, 207, 152, 124, 135, 184, 271, 376, 496, 615, 728, 824, 888, 924, 924, 856, 639, 526, 408, 291, 199, 143, 124, 143, 192, 280, 385, 510, 632, 737, 831, 896, 911, 856, 768, 639, 524, 408, 295, 199, 143, 120, 135, 195, 280, 387, 511, 632, 831, 896, 924, 911, 856, 768, 639, 524, 399, 291, 199, 143, 124, 135, 199, 284, 512,  
Measuring the port of 5
Voltage List:
508, 415, 327, 255, 224, 211, 231, 271, 348, 432, 527, 620, 799, 830, 831, 796, 732, 639, 558, 460, 368, 291, 240, 216, 220, 252, 312, 387, 575, 668, 739, 796, 830, 831, 792, 732, 639, 556, 462, 368, 291, 240, 216, 220, 312, 387, 480, 575, 664, 739, 799, 825, 831, 793, 732, 639, 551, 455, 369, 295, 216, 220, 252, 312, 387, 480, 575, 668, 743, 798, 831, 830, 796, 728, 639, 556, 368, 291, 240, 216, 216, 252, 312, 391, 480, 575, 668, 743, 799, 828,  
668, 743, 799, 828,  
MeVoltage List:
327, 359, 408, 463, 527, 590, 639, 688, 716, 728, 711, 679, 543, 480, 419, 369, 335, 316, 318, 335, 384, 432, 494, 558, 615, 664, 704, 719, 704, 655, 608, 543, 480, 419, 368, 335, 316, 318, 339, 384, 432, 492, 556, 615, 704, 719, 719, 704, 655, 608, 543, 480, 359, 327, 316, 319, 348, 387, 540, 604, 655, 696, 719, 719, 704, 670, 620, 560, 496, 432, 384, 339, 319, 316, 384, 432, 487, 551, 615, 664, 704, 719, 719, 704, 664, 608, 543, 481, 419, 371,  
Measuring the port of 7
Voltage List: 
423, 384, 348, 327, 335, 352, 391, 440, 496, 551, 639, 679, 704, 704, 684, 639, 600, 543, 487, 432, 385, 352, 327, 334, 352, 384, 487, 543, 600, 639, 684, 704, 704, 679, 639, 604, 543, 487, 432, 384, 352, 332, 352, 384, 432, 487, 543, 604, 639, 684, 704, 704, 684, 639, 600, 543, 487, 432, 352, 334, 332, 352, 384, 433, 492, 543, 600, 639, 684, 704, 704, 684, 639, 600, 487, 428, 384, 352, 327, 334, 352, 385, 432, 487, 543, 604, 639, 684, 704, 704,  
Measuring the port of 0
Voltage List: 
399, 408, 423, 448, 480, 515, 551, 583, 611, 632, 636, 620, 591, 561, 527, 487, 455, 428, 408, 399, 408, 419, 448, 480, 513, 551, 611, 632, 638, 633, 620, 593, 561, 527, 487, 455, 423, 408, 399, 408, 419, 448, 513, 551, 583, 611, 632, 639, 636, 620, 591, 561, 527, 487, 455, 423, 408, 399, 419, 448, 480, 515, 551, 583, 611, 632, 638, 636, 615, 591, 561, 526, 487, 455, 408, 399, 408, 419, 448, 480, 513, 551, 583, 609, 632, 639, 636, 620, 591, 561,  
Measuring the port of 1
Voltage List: 
304, 304, 319, 368, 423, 492, 560, 624, 671, 711, 736, 707, 664, 608, 543, 476, 408, 355, 319, 295, 305, 327, 368, 428, 496, 561, 624, 719, 736, 736, 707, 664, 608, 543, 480, 412, 353, 319, 295, 304, 327, 376, 428, 561, 625, 679, 716, 736, 736, 707, 668, 608, 543, 472, 412, 355, 318, 304, 304, 376, 432, 496, 568, 632, 679, 718, 736, 736, 707, 664, 608, 543, 472, 412, 355, 300, 304, 327, 376, 432, 496, 568, 625, 679, 719, 736, 736, 711, 664, 608,  
Measuring the port of 2
Voltage List: 
280, 220, 192, 192, 224, 286, 376, 472, 575, 670, 768, 856, 860, 816, 768, 664, 560, 455, 359, 273, 216, 192, 192, 231, 287, 384, 480, 671, 768, 816, 856, 856, 816, 768, 655, 560, 455, 355, 280, 216, 192, 192, 225, 384, 480, 575, 671, 768, 816, 856, 856, 816, 768, 655, 560, 455, 355, 280, 216, 192, 227, 287, 384, 480, 575, 671, 768, 824, 856, 856, 816, 768, 664, 560, 451, 271, 217, 192, 192, 227, 287, 384, 480, 575, 671, 768, 824, 856, 856, 816,  
Measuring the port of 6
Voltage List:
255, 344, 448, 551, 655, 768, 828, 867, 888, 856, 792, 704, 448, 344, 255, 195, 167, 176, 216, 281, 376, 480, 591, 696, 780, 846, 880, 881, 768, 664, 551, 448, 344, 255, 195, 167, 176, 216, 284, 384, 481, 591, 696, 783, 880, 881, 830, 768, 664, 551, 448, 344, 255, 195, 167, 176, 216, 284, 384, 483, 696, 783, 844, 881, 880, 831, 768, 655, 551, 448, 344, 255, 193, 167, 176, 216, 384, 483, 591, 696, 783, 847, 878, 881, 831, 768, 664, 551, 448, 339,  
Measuring the port of 7
Voltage List: 
716, 679, 636, 575, 511, 448, 391, 348, 319, 312, 319, 399, 460, 526, 588, 639, 688, 718, 728, 711, 679, 632, 575, 510, 448, 387, 348, 312, 319, 353, 399, 455, 524, 590, 639, 688, 711, 728, 711, 679, 632, 572, 511, 387, 344, 319, 312, 319, 352, 399, 463, 524, 583, 639, 688, 718, 723, 707, 679, 572, 508, 448, 387, 344, 319, 312, 319, 355, 399, 462, 575, 636, 679, 711, 711, 679, 632, 575, 512, 448, 391, 348, 319, 312, 319, 352, 399, 455, 519, 583,  
Measuring the port of 0
Voltage List: 
435, 408, 385, 384, 387, 408, 440, 480, 519, 568, 632, 647, 655, 652, 632, 600, 561, 519, 480, 440, 408, 385, 384, 387, 408, 440, 519, 568, 601, 632, 647, 655, 652, 632, 600, 561, 519, 480, 440, 408, 385, 384, 408, 440, 480, 519, 568, 600, 632, 647, 655, 652, 632, 601, 561, 519, 476, 440, 384, 384, 387, 408, 440, 480, 519, 561, 600, 632, 652, 655, 652, 632, 604, 561, 476, 440, 408, 385, 384, 385, 408, 440, 480, 519, 561, 604, 632, 652, 655, 647,  
Measuring the port of 1
Voltage List: 
655, 615, 568, 510, 451, 401, 368, 335, 348, 376, 480, 540, 591, 638, 671, 696, 704, 688, 652, 608, 556, 499, 448, 398, 359, 339, 352, 384, 423, 480, 540, 591, 639, 671, 696, 704, 688, 654, 609, 556, 504, 448, 359, 344, 335, 352, 384, 428, 481, 536, 591, 639, 671, 696, 704, 684, 654, 608, 504, 448, 396, 359, 339, 335, 352, 384, 430, 481, 540, 591, 639, 671, 696, 704, 652, 608, 556, 497, 448, 398, 359, 344, 335, 352, 384, 428, 480, 540, 591, 639,  
Measuring the port of 2
Voltage List: 
632, 655, 671, 671, 655, 632, 590, 543, 496, 448, 408, 359, 359, 384, 412, 448, 496, 543, 590, 632, 655, 671, 671, 655, 632, 591, 540, 448, 408, 384, 359, 359, 384, 408, 449, 496, 543, 590, 632, 655, 671, 671, 655, 588, 542, 492, 448, 408, 384, 359, 359, 384, 408, 448, 496, 543, 591, 632, 655, 671, 655, 632, 588, 540, 494, 448, 408, 384, 359, 359, 384, 408, 449, 496, 543, 632, 655, 671, 671, 655, 632, 590, 540, 487, 448, 408, 384, 359, 359, 384,  
Measuring the port of 3
Voltage List: 
940, 880, 799, 684, 560, 440, 316, 216, 145, 115, 124, 255, 368, 494, 620, 728, 824, 897, 935, 935, 881, 783, 671, 543, 415, 312, 207, 112, 124, 176, 255, 368, 492, 615, 736, 828, 896, 935, 935, 871, 783, 671, 543, 304, 207, 142, 112, 126, 176, 255, 369, 494, 615, 736, 831, 896, 935, 935, 871, 671, 543, 415, 304, 207, 142, 112, 126, 176, 255, 369, 494, 620, 732, 831, 903, 931, 871, 783, 671, 543, 415, 302, 207, 143, 112, 126, 176, 255, 371, 496,  
Measuring the port of 7
Voltage List: 
305, 412, 527, 636, 736, 816, 871, 896, 880, 807, 719, 499, 385, 287, 211, 163, 152, 174, 231, 312, 415, 536, 639, 743, 824, 871, 896, 799, 719, 609, 496, 385, 287, 211, 159, 152, 176, 231, 312, 415, 536, 639, 743, 871, 896, 876, 803, 719, 472, 353, 255, 193, 158, 153, 192, 255, 348, 632, 728, 812, 867, 896, 880, 816, 736, 624, 513, 399, 304, 224, 167, 152, 172, 319, 428, 542, 652, 748, 824, 880, 896, 865, 799, 711, 604, 492, 384, 284, 207, 152,  
Measuring the port of 0
Voltage List: 
1022, 1022, 1022, 483, 19, 1, 0, 0, 0, 0, 0, 481, 816, 995, 1020, 1022, 1022, 1022, 1023, 1022, 1022, 1022, 448, 15, 1, 0, 0, 0, 0, 60, 487, 816, 995, 1020, 1022, 1022, 1022, 1022, 1022, 1022, 1022, 432, 15, 0, 0, 0, 0, 0, 56, 496, 824, 999, 1022, 1022, 1022, 1022, 1022, 1022, 1022, 435, 15, 0, 0, 0, 0, 0, 0, 51, 480, 816, 998, 1020, 1022, 1022, 1022, 1022, 1022, 1023, 423, 15, 0, 0, 0, 0, 0, 0, 56, 487, 817, 999,  
Measuring the port of 1
Voltage List: 
387, 448, 504, 568, 624, 671, 704, 719, 711, 688, 639, 531, 472, 412, 364, 334, 318, 319, 352, 391, 448, 504, 568, 624, 671, 704, 719, 688, 639, 591, 531, 472, 412, 359, 332, 319, 319, 352, 391, 448, 504, 568, 624, 704, 719, 711, 688, 639, 591, 527, 467, 412, 364, 334, 318, 319, 352, 391, 448, 568, 624, 671, 704, 719, 711, 688, 639, 591, 529, 472, 409, 359, 327, 318, 319, 391, 448, 508, 568, 624, 671, 704, 719, 711, 688, 639, 591, 527, 472, 412,  
Measuring the port of 2
Voltage List: 
527, 494, 455, 430, 408, 399, 399, 415, 440, 472, 508, 575, 611, 632, 638, 632, 615, 591, 560, 524, 487, 451, 423, 408, 399, 401, 415, 476, 511, 547, 575, 609, 632, 638, 632, 615, 591, 560, 526, 487, 451, 423, 408, 399, 415, 448, 480, 512, 547, 583, 609, 632, 638, 632, 620, 591, 560, 524, 483, 423, 408, 399, 403, 415, 448, 480, 512, 551, 583, 611, 632, 639, 636, 615, 591, 480, 448, 415, 403, 399, 408, 423, 448, 483, 519, 560, 590, 615, 632, 624,  
Measuring the port of 3
Voltage List: 
575, 512, 449, 396, 352, 327, 318, 327, 359, 408, 463, 583, 639, 679, 711, 719, 705, 675, 632, 575, 515, 451, 398, 352, 319, 319, 327, 408, 463, 527, 583, 639, 679, 711, 719, 705, 671, 563, 504, 448, 384, 319, 319, 352, 391, 449, 511, 572, 625, 671, 704, 718, 711, 688, 639, 590, 527, 391, 352, 319, 319, 327, 359, 408, 463, 527, 588, 639, 679, 711, 719, 705, 671, 575, 511, 449, 396, 353, 319, 318, 327, 359, 408, 472, 526, 588, 639, 679, 711, 705,  
Measuring the port of 4
Voltage List: 
888, 911, 897, 839, 768, 639, 519, 408, 295, 216, 135, 152, 207, 291, 403, 515, 632, 736, 824, 888, 911, 896, 839, 768, 639, 519, 304, 207, 156, 135, 156, 207, 291, 399, 515, 632, 736, 824, 888, 911, 899, 831, 639, 519, 399, 295, 216, 156, 135, 156, 209, 295, 399, 515, 632, 736, 831, 880, 899, 831, 768, 639, 519, 399, 295, 216, 156, 135, 156, 207, 295, 403, 519, 636, 824, 896, 908, 896, 831, 768, 639, 519, 399, 295, 207, 158, 135, 156, 211, 295,  
Measuring the port of 1
Voltage List: 
828, 896, 920, 908, 847, 768, 639, 526, 399, 295, 211, 135, 159, 216, 304, 412, 527, 639, 768, 831, 896, 920, 903, 839, 743, 632, 511, 287, 199, 152, 135, 156, 216, 304, 412, 527, 639, 768, 839, 896, 920, 903, 831, 632, 511, 391, 284, 199, 152, 135, 158, 216, 304, 412, 527, 639, 768, 831, 896, 903, 831, 743, 632, 511, 391, 284, 199, 152, 127, 159, 216, 304, 412, 529, 639, 839, 896, 920, 903, 831, 743, 632, 510, 387, 286, 199, 152, 135, 159, 216,  
Measuring the port of 2
Voltage List: 
384, 408, 448, 487, 540, 583, 625, 655, 671, 671, 664, 583, 536, 483, 440, 399, 384, 359, 368, 384, 415, 455, 504, 551, 600, 636, 664, 671, 655, 624, 575, 536, 483, 440, 399, 384, 364, 368, 384, 415, 455, 504, 551, 632, 664, 671, 671, 655, 624, 575, 536, 481, 440, 399, 384, 364, 368, 384, 415, 504, 551, 639, 668, 671, 670, 639, 615, 572, 524, 476, 432, 398, 371, 384, 408, 448, 492, 540, 588, 625, 655, 671, 671, 664, 632, 591, 543, 496, 449, 384,  
Measuring the port of 3
Voltage List: 
359, 355, 369, 399, 440, 487, 536, 583, 632, 655, 671, 668, 639, 600, 551, 504, 451, 412, 384, 359, 355, 369, 399, 440, 487, 654, 671, 679, 671, 639, 611, 568, 512, 463, 415, 384, 359, 355, 368, 391, 430, 536, 583, 625, 655, 671, 679, 668, 639, 600, 556, 504, 455, 412, 384, 359, 355, 399, 440, 483, 536, 575, 624, 655, 671, 679, 668, 639, 600, 551, 504, 451, 412, 359, 359, 369, 399, 440, 483, 536, 583, 625, 655, 671, 679, 668, 639, 600, 551, 451,  
Measuring the port of 4
Voltage List: 
352, 319, 312, 319, 352, 399, 451, 515, 575, 639, 711, 728, 718, 688, 639, 583, 519, 455, 399, 352, 319, 312, 319, 348, 391, 451, 575, 636, 684, 716, 728, 716, 688, 639, 588, 519, 455, 399, 352, 319, 312, 319, 391, 449, 515, 575, 638, 679, 711, 728, 719, 688, 639, 583, 519, 455, 399, 352, 312, 319, 352, 391, 451, 513, 575, 638, 684, 711, 728, 718, 688, 639, 583, 519, 398, 352, 319, 312, 319, 352, 391, 451, 515, 575, 638, 684, 716, 728, 716, 688,  
Measuring the port of 5
Voltage List: 
655, 536, 412, 304, 216, 159, 135, 152, 204, 287, 391, 625, 728, 824, 880, 911, 903, 839, 768, 639, 536, 412, 304, 216, 158, 135, 156, 287, 391, 511, 632, 732, 824, 881, 911, 903, 839, 768, 639, 527, 412, 304, 216, 135, 152, 207, 287, 391, 511, 632, 736, 824, 880, 911, 903, 847, 768, 639, 527, 305, 216, 156, 135, 156, 207, 287, 391, 512, 632, 736, 824, 881, 911, 903, 844, 639, 527, 408, 300, 220, 156, 135, 156, 207, 287, 391, 512, 632, 736, 824,  
I got: 2.91 1.71 1.52 1.80 3.96 3.45 1.83 1.48 2.39 4.69 3.51 3.27 1.65 1.96 2.55 1.49 3.90 3.01 1.98 1.83 1.17 2.13 3.25 3.49 2.01 1.32 1.79 1.52 4.02 3.64 5.00 1.96 1.17 1.95 3.78 3.83 1.50 1.57 2.03 3.78

STEP 2: Do the measurements
#################### Water #####################

I got: 2.88 1.69 1.57 1.84 3.91 3.43 1.87 1.54 2.29 4.91 2.97 4.20 1.73 1.88 3.76 3.02 3.85 3.07 1.91 3.40 2.72 2.38 3.26 3.42 3.48 4.99 1.76 1.53 4.00 5.00 5.00 1.91 1.17 1.95 3.81 3.78 1.53 1.58 2.07 3.88

I got: 2.90 1.68 1.57 1.84 3.90 3.43 1.87 1.55 2.30 4.91 3.30 4.19 1.73 1.89 3.74 3.05 3.86 3.07 1.91 3.40 2.72 2.35 3.25 3.40 3.49 4.99 1.78 1.52 4.00 5.00 5.00 1.91 1.17 1.95 3.82 3.78 1.53 1.58 2.07 3.89

I got: 2.89 1.69 1.56 1.83 3.89 3.43 1.87 1.55 2.29 4.91 3.36 4.19 1.73 1.88 3.75 3.05 3.86 3.08 1.90 3.40 2.90 2.41 3.27 3.40 3.50 5.00 1.79 1.53 4.00 5.00 5.00 1.92 1.17 1.95 3.82 3.79 1.53 1.58 2.07 3.87

I got: 2.90 1.69 1.57 1.83 3.89 3.43 1.86 1.55 2.28 4.91 3.90 4.20 1.74 1.87 3.77 3.00 3.88 3.06 1.90 3.41 2.87 2.09 3.27 3.40 3.50 4.99 1.73 1.52 4.01 5.00 5.00 1.92 1.17 1.95 3.83 3.78 1.53 1.58 2.07 3.88

I got: 2.89 1.68 1.57 1.84 3.89 3.44 1.87 1.55 2.28 4.91 3.72 4.20 1.73 1.87 3.76 3.04 3.88 3.07 1.90 3.41 2.94 2.15 3.27 3.39 3.50 5.00 1.75 1.52 4.00 5.00 5.00 1.91 1.17 1.96 3.82 3.77 1.52 1.58 2.07 3.87

I got: 2.90 1.69 1.57 1.84 3.89 3.42 1.87 1.54 2.28 4.91 3.74 4.20 1.73 1.87 3.76 3.05 3.87 3.07 1.89 3.41 2.94 2.08 3.27 3.39 3.50 4.99 1.72 1.52 4.00 5.00 5.00 1.91 1.17 1.95 3.82 3.78 1.52 1.59 2.08 3.86

I got: 2.90 1.68 1.57 1.84 3.89 3.43 1.87 1.55 2.28 4.90 3.84 4.20 1.74 1.87 3.77 3.11 3.87 3.06 1.89 3.42 2.94 2.09 3.26 3.38 3.50 5.00 1.72 1.53 4.01 5.00 5.00 1.92 1.16 1.95 3.83 3.78 1.53 1.58 2.08 3.86

I got: 2.90 1.68 1.57 1.83 3.87 3.43 1.87 1.55 2.27 4.90 4.00 4.21 1.74 1.86 3.76 3.09 3.87 3.07 1.88 3.41 2.98 2.09 3.26 3.38 3.50 4.99 1.72 1.53 4.00 5.00 5.00 1.93 1.17 1.95 3.82 3.79 1.53 1.58 2.07 3.88

I got: 2.88 1.68 1.57 1.84 3.89 3.43 1.88 1.55 2.28 4.91 3.95 4.21 1.74 1.86 3.76 3.10 3.86 3.07 1.88 3.41 2.95 2.08 3.26 3.38 3.50 5.00 1.73 1.52 4.01 5.00 5.00 1.91 1.17 1.95 3.82 3.78 1.52 1.58 2.08 3.87

I got: 2.89 1.68 1.57 1.84 3.88 3.43 1.87 1.55 2.26 4.91 4.00 4.20 1.74 1.85 3.77 3.10 3.87 3.08 1.88 3.42 2.99 2.09 3.26 3.38 3.51 5.00 1.72 1.52 4.01 5.00 5.00 1.95 1.17 1.95 3.83 3.79 1.52 1.58 2.06 3.87

I got: 2.90 1.68 1.58 1.84 3.87 3.43 1.87 1.55 2.27 4.91 3.98 4.21 1.74 1.85 3.76 3.15 3.88 3.08 1.88 3.42 2.96 2.10 3.27 3.38 3.50 5.00 1.72 1.52 3.99 5.00 5.00 1.97 1.16 1.95 3.83 3.78 1.52 1.58 2.07 3.87

I got: 2.89 1.68 1.57 1.84 3.86 3.44 1.87 1.55 2.26 4.91 3.99 4.20 1.74 1.85 3.76 3.14 3.87 3.09 1.87 3.42 2.97 2.08 3.25 3.37 3.51 5.00 1.77 1.52 4.00 5.00 5.00 1.98 1.16 1.96 3.84 3.78 1.53 1.58 2.07 3.87

######################## Object electrode 0 #################


I got: 2.67 1.36 1.19 1.10 1.65 3.72 2.09 1.68 1.99 3.68 3.80 4.31 1.90 1.85 3.43 2.88 4.03 3.21 1.90 3.30 2.71 2.90 3.36 3.47 3.40 4.42 2.98 1.64 4.04 3.94 3.16 3.27 1.21 2.02 4.00 1.44 0.67 0.95 1.53 3.29

I got: 2.66 1.36 1.18 1.10 1.66 3.72 2.08 1.68 1.98 3.46 3.80 4.33 1.91 1.85 3.43 2.88 4.16 3.22 1.91 3.30 2.72 2.97 3.36 3.47 3.39 4.39 3.02 1.64 4.03 3.95 3.04 3.04 1.21 2.03 4.00 1.44 0.68 0.95 1.54 3.29

I got: 2.67 1.37 1.19 1.10 1.65 3.72 2.09 1.68 1.98 3.62 3.80 4.31 1.91 1.84 3.43 2.88 4.04 3.21 1.90 3.30 2.71 2.79 3.35 3.47 3.41 3.96 2.82 1.63 4.03 3.97 3.02 3.02 1.21 2.02 4.01 1.44 0.67 0.95 1.53 3.30

I got: 2.66 1.37 1.19 1.10 1.66 3.72 2.09 1.67 1.98 3.65 3.82 4.32 1.90 1.84 3.44 2.89 4.04 3.21 1.90 3.31 2.72 2.79 3.34 3.46 3.40 3.47 2.80 1.63 4.05 4.03 2.99 3.03 1.21 2.02 4.01 1.44 0.67 0.95 1.53 3.30

I got: 2.67 1.37 1.19 1.10 1.65 3.71 2.08 1.68 1.98 3.28 3.82 4.32 1.91 1.84 3.27 2.89 4.03 3.22 1.90 3.26 2.71 2.70 3.36 3.47 3.40 3.44 2.65 1.64 4.04 4.03 2.96 2.87 1.21 2.02 4.02 1.43 0.68 0.95 1.54 3.31

I got: 2.68 1.37 1.18 1.10 1.65 3.72 2.09 1.68 1.97 3.42 3.83 4.32 1.90 1.83 3.43 2.88 4.05 3.21 1.90 3.19 2.72 2.77 3.36 3.47 3.40 3.31 2.41 1.63 4.04 4.05 2.94 3.17 1.20 2.02 4.02 1.44 0.67 0.95 1.53 3.29

I got: 2.66 1.36 1.18 1.10 1.64 3.71 2.09 1.68 1.97 3.04 3.81 4.32 1.90 1.83 3.12 2.89 4.03 3.21 1.90 3.02 2.72 2.69 3.34 3.47 3.24 3.26 2.40 1.63 4.04 4.06 2.92 2.84 1.21 2.02 4.02 1.44 0.68 0.94 1.53 3.30

I got: 2.67 1.37 1.19 1.10 1.65 3.71 2.09 1.68 1.98 3.36 3.80 4.31 1.91 1.83 3.10 2.88 4.05 3.22 1.89 3.08 2.72 2.58 3.35 3.47 3.16 3.18 2.70 1.63 4.05 4.08 2.90 2.90 1.20 2.02 4.02 1.44 0.67 0.94 1.53 3.30

I got: 2.67 1.37 1.19 1.10 1.65 3.71 2.09 1.68 1.97 2.93 3.81 4.31 1.91 1.83 2.88 2.88 4.04 3.22 1.90 2.95 2.72 2.55 3.35 3.47 3.39 3.15 2.47 1.64 4.05 4.09 2.90 2.74 1.21 2.02 4.01 1.44 0.67 0.95 1.53 3.30

I got: 2.67 1.37 1.19 1.10 1.64 3.71 2.09 1.67 1.96 3.02 3.82 4.32 1.91 1.82 3.09 2.89 4.03 3.22 1.89 2.77 2.73 2.56 3.35 3.47 3.07 3.11 2.47 1.64 4.04 4.08 2.88 2.72 1.21 2.02 4.01 1.44 0.68 0.94 1.54 3.30

I got: 2.66 1.36 1.19 1.10 1.65 3.72 2.09 1.68 1.97 2.78 3.84 4.32 1.91 1.82 3.13 2.88 4.03 3.21 1.89 3.09 2.72 2.75 3.35 3.47 3.29 3.03 2.57 1.64 4.03 4.09 2.87 2.68 1.20 2.03 4.01 1.44 0.68 0.94 1.53 3.31

I got: 2.66 1.36 1.19 1.10 1.64 3.72 2.09 1.68 1.96 2.99 3.85 4.32 1.90 1.83 2.73 2.88 4.04 3.21 1.88 2.99 2.72 2.46 3.35 3.46 2.89 3.03 2.60 1.64 4.04 4.10 2.87 2.74 1.20 2.01 4.00 1.45 0.67 0.95 1.53 3.30

################### Object electrode 1 ###########################
I got: 1.07 1.10 1.30 1.70 3.80 2.37 1.08 0.72 1.08 3.87 2.89 4.37 1.88 1.83 3.73 2.76 3.72 3.24 1.96 3.54 2.86 3.05 3.40 3.45 3.63 4.98 2.93 1.55 4.06 5.00 5.00 2.88 1.13 2.00 3.90 1.55 1.25 1.61 2.16 3.99

I got: 1.07 1.11 1.31 1.69 3.79 2.40 1.08 0.72 1.07 3.86 2.89 4.39 1.89 1.82 3.72 2.90 3.69 3.24 1.95 3.55 2.87 3.06 3.41 3.45 3.64 4.98 2.92 1.56 4.08 4.99 4.98 2.93 1.13 2.01 3.89 1.55 1.25 1.59 2.16 3.98

I got: 1.07 1.11 1.31 1.69 3.78 2.39 1.09 0.72 1.08 3.87 2.86 4.38 1.89 1.82 3.73 2.88 3.24 3.23 1.95 3.55 2.87 3.06 3.40 3.44 3.65 4.99 2.92 1.56 4.05 4.99 4.99 2.92 1.13 2.01 3.91 1.55 1.25 1.61 2.15 3.98

I got: 1.07 1.10 1.31 1.69 3.76 2.39 1.08 0.72 1.07 3.87 3.10 4.37 1.89 1.81 3.73 2.90 3.24 3.25 1.94 3.55 2.86 3.06 3.39 3.42 3.64 4.99 2.93 1.56 4.07 5.00 5.00 2.93 1.13 2.01 3.89 1.55 1.26 1.61 2.17 3.99

I got: 1.07 1.10 1.31 1.69 3.78 2.39 1.09 0.71 1.06 3.87 3.01 4.38 1.90 1.82 3.74 2.92 3.07 3.23 1.94 3.56 2.89 3.06 3.40 3.43 3.64 4.99 2.93 1.56 4.06 4.99 4.99 2.92 1.13 2.01 3.91 1.55 1.25 1.59 2.15 3.98

I got: 1.07 1.11 1.31 1.69 3.76 2.40 1.09 0.72 1.05 3.87 3.07 4.38 1.89 1.81 3.74 2.93 2.95 3.24 1.95 3.56 2.89 3.06 3.39 3.43 3.65 4.99 2.93 1.55 4.06 4.99 5.00 2.92 1.13 2.01 3.89 1.54 1.25 1.60 2.16 3.97

I got: 1.07 1.10 1.31 1.69 3.77 2.40 1.09 0.72 1.06 3.87 2.97 4.40 1.90 1.81 3.75 2.90 2.95 3.24 1.94 3.57 2.90 3.06 3.39 3.42 3.65 4.99 2.93 1.56 4.07 5.00 5.00 2.92 1.13 2.01 3.90 1.54 1.25 1.60 2.16 4.00

I got: 1.07 1.10 1.30 1.69 3.76 2.38 1.09 0.72 1.05 3.88 3.19 4.38 1.89 1.80 3.74 2.93 2.67 3.25 1.94 3.56 2.89 3.05 3.40 3.43 3.65 4.99 2.92 1.56 4.07 4.99 5.00 2.93 1.13 2.00 3.89 1.55 1.26 1.60 2.16 3.99

I got: 1.07 1.10 1.31 1.70 3.76 2.39 1.09 0.72 1.05 3.87 3.18 4.37 1.90 1.80 3.74 2.92 2.92 3.26 1.93 3.57 2.91 3.00 3.41 3.40 3.66 4.99 2.73 1.56 4.07 4.99 5.00 2.89 1.13 2.00 3.93 1.54 1.25 1.60 2.15 3.98

I got: 1.06 1.10 1.30 1.70 3.75 2.38 1.09 0.72 1.05 3.87 3.11 4.39 1.90 1.79 3.75 2.93 2.47 3.25 1.92 3.57 2.90 2.91 3.40 3.42 3.66 5.00 2.66 1.56 4.06 5.00 5.00 2.90 1.13 2.01 3.90 1.54 1.25 1.60 2.16 3.99

I got: 1.07 1.10 1.31 1.69 3.75 2.39 1.09 0.72 1.04 3.88 3.18 4.39 1.90 1.79 3.75 2.94 2.46 3.25 1.93 3.56 2.92 2.75 3.40 3.40 3.67 4.99 2.39 1.56 4.06 4.99 5.00 2.64 1.12 2.01 3.91 1.55 1.25 1.60 2.16 3.99

I got: 1.07 1.10 1.31 1.69 3.75 2.40 1.08 0.72 1.04 3.89 3.19 4.39 1.90 1.79 3.76 2.95 2.48 3.25 1.92 3.57 2.90 2.45 3.40 3.40 3.66 4.98 2.31 1.56 4.08 4.99 4.98 2.55 1.13 2.01 3.91 1.54 1.26 1.60 2.16 3.96

I got: 1.07 1.10 1.31 1.70 3.72 2.38 1.09 0.72 1.04 3.88 3.20 4.39 1.89 1.78 3.75 2.93 2.63 3.26 1.93 3.57 2.92 2.33 3.40 3.40 3.67 4.98 2.25 1.56 4.06 4.99 4.99 2.48 1.12 2.01 3.89 1.55 1.26 1.60 2.16 4.00

I got: 1.07 1.10 1.32 1.69 3.75 2.38 1.09 0.71 1.04 3.90 3.17 4.38 1.90 1.79 3.75 2.96 2.46 3.24 1.92 3.58 2.91 2.40 3.39 3.41 3.67 4.99 2.32 1.56 4.05 4.99 4.99 2.26 1.12 2.01 3.91 1.55 1.25 1.60 2.16 3.98

I got: 1.06 1.11 1.31 1.70 3.73 2.40 1.09 0.72 1.03 3.89 3.18 4.38 1.89 1.77 3.76 2.99 2.49 3.26 1.91 3.58 2.93 2.35 3.39 3.41 3.67 4.99 2.22 1.56 4.07 4.94 4.99 2.25 1.12 2.01 3.89 1.54 1.25 1.60 2.16 3.97

I got: 1.06 1.10 1.31 1.70 3.74 2.40 1.09 0.72 1.03 3.89 3.20 4.39 1.90 1.78 3.77 2.97 2.52 3.24 1.91 3.59 2.93 1.95 3.40 3.39 3.67 4.97 1.86 1.56 4.07 4.91 4.94 2.24 1.12 2.01 3.91 1.55 1.25 1.60 2.16 3.99


############################# Object electrode 2 ####################

I got: 1.05 1.63 1.70 1.97 3.78 1.60 1.29 1.23 1.81 4.89 3.24 4.04 1.28 1.06 2.02 3.24 2.32 3.32 1.82 2.27 3.12 1.77 2.17 3.29 2.49 3.25 1.67 0.87 4.15 4.53 3.86 1.84 0.79 2.01 3.91 3.62 0.95 1.61 2.12 3.88

I got: 1.04 1.62 1.70 1.97 3.77 1.60 1.29 1.22 1.79 4.87 3.24 4.03 1.27 1.06 2.04 3.24 2.31 3.34 1.83 2.53 3.11 1.74 2.17 3.30 2.58 3.24 1.69 0.86 4.11 4.55 3.83 1.84 0.80 2.01 3.89 3.61 0.94 1.61 2.13 3.85

I got: 1.06 1.62 1.69 1.97 3.77 1.53 1.28 1.22 1.79 4.86 3.25 4.04 1.27 1.05 2.22 3.24 2.31 3.33 1.83 2.28 3.13 1.75 2.17 3.29 2.67 3.24 1.68 0.86 4.12 4.56 3.84 1.83 0.80 2.02 3.90 3.60 0.94 1.60 2.12 3.88

I got: 1.06 1.62 1.70 1.97 3.78 1.55 1.28 1.23 1.80 4.89 3.24 4.02 1.27 1.06 2.03 3.25 2.31 3.33 1.83 2.45 3.11 1.76 2.18 3.29 2.60 3.24 1.68 0.86 4.13 4.53 3.84 1.84 0.79 2.02 3.89 3.60 0.95 1.61 2.12 3.84

I got: 1.05 1.62 1.69 1.97 3.76 1.53 1.28 1.22 1.79 4.88 3.23 4.03 1.28 1.05 2.17 3.25 2.30 3.33 1.82 2.43 3.11 1.75 2.17 3.28 2.43 3.24 1.68 0.86 4.11 4.53 3.84 1.85 0.80 2.01 3.90 3.60 0.95 1.61 2.13 3.87

I got: 1.04 1.62 1.70 1.96 3.76 1.55 1.28 1.23 1.80 4.90 3.24 4.04 1.28 1.05 2.04 3.24 2.32 3.35 1.83 2.28 3.11 1.75 2.18 3.29 2.50 3.23 1.68 0.87 4.12 4.55 3.84 1.83 0.79 2.02 3.89 3.62 0.94 1.61 2.13 3.86

I got: 1.05 1.63 1.70 1.97 3.76 1.53 1.28 1.22 1.79 4.87 3.24 4.04 1.28 1.05 2.05 3.23 2.32 3.33 1.83 2.31 3.11 1.77 2.17 3.28 2.41 3.23 1.68 0.86 4.12 4.54 3.85 1.83 0.80 2.00 3.89 3.61 0.95 1.60 2.13 3.88

I got: 1.06 1.63 1.70 1.97 3.77 1.53 1.28 1.23 1.79 4.91 3.24 4.04 1.28 1.06 2.04 3.23 2.30 3.34 1.83 2.31 3.11 1.76 2.17 3.29 2.42 3.24 1.68 0.87 4.13 4.54 3.86 1.83 0.79 2.01 3.89 3.60 0.95 1.61 2.12 3.85

I got: 1.04 1.63 1.70 1.96 3.77 1.54 1.28 1.23 1.80 4.90 3.23 4.03 1.27 1.05 2.18 3.24 2.32 3.34 1.83 2.44 3.11 1.77 2.17 3.27 2.43 3.24 1.69 0.86 4.12 4.53 3.84 1.84 0.79 2.01 3.90 3.61 0.96 1.61 2.13 3.87

I got: 1.06 1.62 1.71 1.96 3.76 1.55 1.28 1.22 1.79 4.88 3.24 4.04 1.28 1.05 2.04 3.23 2.30 3.34 1.82 2.28 3.11 1.77 2.18 3.28 2.42 3.24 1.68 0.86 4.18 4.55 3.84 1.84 0.79 2.01 3.89 3.61 0.95 1.61 2.13 3.86

I got: 1.06 1.63 1.70 1.96 3.77 1.55 1.29 1.23 1.79 4.88 3.25 4.02 1.28 1.05 2.15 3.25 2.31 3.33 1.82 2.44 3.11 1.77 2.17 3.27 2.42 3.23 1.68 0.86 4.14 4.55 3.85 1.83 0.80 2.01 3.89 3.60 0.95 1.60 2.12 3.86

I got: 1.06 1.62 1.70 1.96 3.76 1.53 1.28 1.23 1.79 4.87 3.23 4.01 1.28 1.05 2.05 3.25 2.30 3.34 1.82 2.32 3.11 1.77 2.17 3.27 2.55 3.23 1.70 0.87 4.14 4.55 3.85 1.83 0.80 2.01 3.89 3.60 0.95 1.61 2.13 3.86

I got: 1.06 1.62 1.70 1.97 3.77 1.52 1.29 1.22 1.79 4.88 3.24 4.03 1.27 1.05 2.24 3.24 2.31 3.33 1.82 2.49 3.12 1.76 2.17 3.26 2.65 3.23 1.68 0.86 4.12 4.54 3.85 1.83 0.79 2.01 3.89 3.61 0.95 1.60 2.13 3.87

I got: 1.06 1.62 1.70 1.96 3.77 1.54 1.28 1.22 1.79 4.87 3.22 4.04 1.28 1.06 2.06 3.24 2.33 3.33 1.83 2.30 3.12 1.77 2.17 3.27 2.43 3.23 1.69 0.87 4.20 4.56 3.83 1.85 0.79 2.01 3.89 3.61 0.94 1.61 2.12 3.86

I got: 1.06 1.63 1.70 1.97 3.75 1.52 1.29 1.22 1.78 4.88 3.25 4.01 1.27 1.05 2.11 3.24 2.29 3.35 1.82 2.32 3.12 1.75 2.17 3.28 2.41 3.23 1.68 0.87 4.15 4.54 3.85 1.84 0.79 2.01 3.89 3.60 0.95 1.60 2.13 3.85

I got: 1.05 1.63 1.70 1.97 3.75 1.53 1.28 1.23 1.79 4.87 3.22 4.04 1.28 1.05 2.06 3.24 2.31 3.33 1.82 2.27 3.11 1.76 2.18 3.27 2.43 3.23 1.68 0.86 4.15 4.53 3.86 1.83 0.79 2.00 3.89 3.61 0.95 1.60 2.12 3.84

I got: 1.05 1.63 1.70 1.97 3.75 1.55 1.28 1.22 1.78 4.89 3.24 3.99 1.28 1.05 2.05 3.24 2.32 3.34 1.82 2.29 3.11 1.75 2.18 3.26 2.42 3.24 1.68 0.86 4.13 4.55 3.83 1.83 0.79 2.01 3.89 3.60 0.95 1.61 2.13 3.85

I got: 1.05 1.62 1.70 1.97 3.75 1.60 1.28 1.23 1.79 4.90 3.24 4.04 1.28 1.05 2.07 3.24 2.32 3.34 1.82 2.31 3.11 1.78 2.18 3.27 2.63 3.24 1.68 0.87 4.16 4.55 3.86 1.85 0.79 2.01 3.90 3.61 0.95 1.61 2.13 3.85

I got: 1.05 1.63 1.70 1.97 3.77 1.53 1.28 1.22 1.79 4.89 3.24 4.03 1.28 1.05 2.18 3.24 2.31 3.34 1.82 2.41 3.11 1.77 2.17 3.27 2.59 3.23 1.69 0.86 4.17 4.55 3.85 1.85 0.79 2.00 3.90 3.60 0.94 1.60 2.13 3.85

I got: 1.05 1.62 1.70 1.96 3.75 1.54 1.28 1.22 1.78 4.91 3.24 4.04 1.28 1.04 2.05 3.24 2.30 3.33 1.82 2.29 3.11 1.76 2.17 3.27 2.53 3.23 1.69 0.86 4.14 4.55 3.86 1.83 0.79 2.00 3.89 3.61 0.95 1.60 2.12 3.87

I got: 1.05 1.62 1.70 1.96 3.75 1.55 1.29 1.22 1.79 4.87 3.24 4.03 1.28 1.05 2.07 3.24 2.32 3.34 1.82 2.42 3.12 1.76 2.17 3.26 2.49 3.24 1.68 0.87 4.13 4.53 3.85 1.85 0.79 2.00 3.90 3.60 0.95 1.61 2.13 3.85

I got: 1.06 1.63 1.70 1.96 3.75 1.53 1.29 1.22 1.79 4.88 3.24 3.98 1.28 1.05 2.24 3.25 2.30 3.34 1.82 2.30 3.11 1.76 2.18 3.27 2.43 3.24 1.68 0.86 4.21 4.54 3.84 1.83 0.79 2.01 3.89 3.61 0.95 1.60 2.12 3.85

############ object electrode 3 #########################

I got: 2.51 0.96 1.68 1.93 3.73 1.49 1.90 1.67 2.20 5.00 4.06 3.22 1.04 1.24 3.70 2.89 2.16 2.87 1.42 3.37 3.07 2.94 1.43 3.45 3.71 3.51 3.13 1.09 2.93 4.42 3.87 3.44 0.91 1.21 3.96 3.99 1.13 0.99 2.16 3.86

I got: 2.50 0.96 1.67 1.92 3.73 1.50 1.89 1.67 2.20 5.00 4.06 3.22 1.04 1.23 3.70 2.88 2.19 2.89 1.41 3.37 3.08 3.05 1.42 3.44 3.71 3.42 2.88 1.10 2.91 4.40 3.86 3.43 0.90 1.22 3.98 4.00 1.13 0.99 2.15 3.86

I got: 2.50 0.96 1.68 1.93 3.71 1.56 1.89 1.67 2.20 5.00 4.07 3.22 1.04 1.23 3.70 2.89 2.26 2.88 1.41 3.37 3.08 2.89 1.44 3.45 3.71 3.43 2.90 1.10 2.91 4.43 3.86 3.31 0.91 1.21 3.98 4.00 1.13 0.98 2.16 3.87

I got: 2.50 0.96 1.68 1.92 3.71 1.57 1.89 1.67 2.19 5.00 4.05 3.22 1.04 1.23 3.70 2.88 2.15 2.88 1.40 3.37 3.08 2.98 1.44 3.44 3.71 3.39 3.02 1.09 2.91 4.44 3.83 3.04 0.91 1.21 3.97 4.00 1.13 0.98 2.16 3.86

I got: 2.51 0.96 1.68 1.93 3.72 1.64 1.89 1.67 2.20 4.99 4.08 3.23 1.04 1.22 3.70 2.88 2.15 2.87 1.41 3.37 3.09 2.84 1.44 3.45 3.72 3.40 2.80 1.10 2.91 4.45 3.84 3.26 0.91 1.22 3.97 3.99 1.13 0.98 2.15 3.87

I got: 2.50 0.96 1.68 1.93 3.71 1.34 1.89 1.68 2.19 4.99 4.12 3.22 1.04 1.23 3.71 2.88 2.15 2.87 1.41 3.36 3.08 3.03 1.44 3.45 3.72 3.36 3.04 1.10 2.91 4.44 3.84 3.21 0.90 1.22 3.97 4.00 1.13 0.98 2.15 3.86

I got: 2.51 0.96 1.68 1.93 3.72 1.29 1.89 1.68 2.18 4.99 4.11 3.22 1.04 1.22 3.70 2.89 2.25 2.88 1.40 3.37 3.08 2.83 1.44 3.44 3.72 3.38 2.73 1.09 2.93 4.46 3.83 2.98 0.90 1.21 3.98 4.00 1.13 0.98 2.16 3.87

I got: 2.51 0.96 1.67 1.92 3.72 1.66 1.90 1.68 2.19 5.00 4.07 3.22 1.04 1.22 3.69 2.88 2.17 2.87 1.40 3.38 3.09 2.76 1.44 3.45 3.69 3.34 2.93 1.10 2.92 4.44 3.82 3.22 0.91 1.21 3.97 4.00 1.13 0.99 2.15 3.85

I got: 2.51 0.96 1.68 1.93 3.71 1.64 1.89 1.67 2.19 5.00 4.06 3.22 1.04 1.22 3.71 2.89 2.16 2.88 1.40 3.37 3.08 3.09 1.45 3.44 3.73 3.32 2.60 1.10 2.91 4.45 3.82 2.90 0.90 1.21 3.99 4.00 1.13 0.98 2.15 3.86

I got: 2.50 0.96 1.68 1.92 3.71 1.71 1.89 1.67 2.19 4.98 4.07 3.22 1.04 1.22 3.67 2.89 2.23 2.88 1.40 3.37 3.09 3.13 1.43 3.44 3.59 3.34 2.64 1.09 2.98 4.48 3.81 3.29 0.91 1.22 3.97 4.00 1.14 0.98 2.15 3.86

I got: 2.50 0.97 1.67 1.93 3.71 1.66 1.89 1.67 2.18 4.99 4.07 3.22 1.04 1.22 3.71 2.89 2.20 2.88 1.39 3.12 3.08 3.06 1.43 3.43 3.69 3.30 2.99 1.10 2.92 4.47 3.81 2.90 0.90 1.21 3.99 4.00 1.13 0.99 2.15 3.86

I got: 2.51 0.96 1.68 1.93 3.71 1.75 1.89 1.67 2.18 4.98 4.07 3.22 1.04 1.22 3.67 2.89 2.21 2.88 1.40 3.38 3.08 3.03 1.43 3.43 3.58 3.31 2.69 1.10 2.97 4.46 3.81 2.98 0.90 1.21 3.98 4.00 1.13 0.99 2.15 3.87

I got: 2.50 0.96 1.68 1.92 3.70 1.64 1.89 1.67 2.18 4.98 4.06 3.23 1.04 1.22 3.66 2.89 2.16 2.87 1.39 3.06 3.08 2.67 1.43 3.43 3.73 3.32 2.57 1.09 2.94 4.47 3.80 3.00 0.90 1.21 3.98 3.99 1.13 0.98 2.14 3.87

I got: 2.50 0.96 1.67 1.93 3.70 1.65 1.89 1.68 2.18 4.99 4.07 3.22 1.04 1.21 3.47 2.88 2.17 2.88 1.39 3.23 3.08 2.77 1.43 3.43 3.66 3.30 2.79 1.09 2.92 4.47 3.80 3.20 0.90 1.21 3.97 4.00 1.13 0.98 2.16 3.87

I got: 2.51 0.95 1.68 1.93 3.71 1.78 1.89 1.67 2.18 4.99 4.07 3.22 1.04 1.21 3.57 2.88 2.16 2.88 1.39 3.06 3.09 2.71 1.44 3.43 3.49 3.29 2.74 1.09 2.91 4.50 3.80 2.98 0.91 1.21 3.97 4.00 1.13 0.99 2.15 3.86

I got: 2.51 0.96 1.67 1.92 3.69 1.70 1.89 1.67 2.18 4.97 4.12 3.22 1.04 1.21 3.67 2.89 2.15 2.88 1.39 3.06 3.09 3.01 1.44 3.44 3.43 3.29 2.96 1.10 2.91 4.48 3.79 2.82 0.90 1.21 3.97 4.00 1.13 0.98 2.15 3.85

I got: 2.50 0.96 1.68 1.93 3.70 1.65 1.89 1.67 2.18 5.00 4.09 3.23 1.04 1.21 3.57 2.88 2.18 2.87 1.39 3.10 3.09 2.97 1.43 3.43 3.47 3.28 2.76 1.10 2.91 4.48 3.80 2.77 0.91 1.21 3.98 4.00 1.13 0.98 2.15 3.86

I got: 2.51 0.95 1.69 1.92 3.70 1.66 1.89 1.67 2.18 4.98 4.06 3.23 1.04 1.21 3.67 2.88 2.15 2.88 1.39 2.96 3.09 2.67 1.43 3.43 3.37 3.27 2.57 1.09 3.05 4.47 3.79 2.80 0.91 1.20 3.97 4.00 1.13 0.98 2.15 3.85

I got: 2.51 0.96 1.68 1.92 3.69 1.94 1.89 1.67 2.18 4.98 4.08 3.23 1.04 1.21 3.26 2.90 2.16 2.88 1.38 2.79 3.09 2.98 1.44 3.43 3.27 3.27 2.76 1.09 2.95 4.48 3.79 2.96 0.91 1.20 3.97 4.00 1.13 0.98 2.15 3.85

I got: 2.51 0.95 1.68 1.93 3.70 1.88 1.89 1.67 2.17 4.97 4.10 3.22 1.04 1.20 3.33 2.88 2.19 2.88 1.38 3.14 3.09 2.70 1.44 3.43 3.34 3.27 2.78 1.09 3.06 4.48 3.79 2.75 0.91 1.21 3.98 3.99 1.13 0.98 2.14 3.86

I got: 2.51 0.96 1.68 1.92 3.69 1.65 1.90 1.67 2.17 5.00 4.10 3.22 1.04 1.21 3.59 2.88 2.17 2.87 1.38 2.82 3.09 2.77 1.45 3.42 3.56 3.27 2.57 1.09 2.91 4.49 3.79 2.84 0.91 1.20 3.99 4.00 1.13 0.98 2.14 3.87

############################## electrode 4 ######################################


I got: 3.07 1.70 0.92 1.94 3.73 3.64 1.00 1.65 2.17 5.00 4.07 3.12 1.74 1.77 3.95 3.09 3.93 1.39 1.18 3.37 2.74 3.11 1.15 2.78 3.39 3.56 3.48 1.62 3.67 4.43 3.91 3.55 1.27 2.00 2.57 3.88 1.62 1.50 1.23 3.95

I got: 3.05 1.70 0.92 1.93 3.71 3.66 1.00 1.65 2.16 5.00 4.18 3.12 1.74 1.77 3.96 3.10 4.17 1.39 1.18 3.37 2.74 2.98 1.14 2.78 3.40 3.50 3.43 1.62 3.67 4.49 3.84 3.44 1.27 2.21 2.59 3.88 1.61 1.51 1.23 3.95

I got: 3.07 1.70 0.92 1.93 3.71 3.66 0.99 1.64 2.15 5.00 4.18 3.12 1.75 1.77 3.96 3.11 3.93 1.39 1.18 3.37 2.74 2.80 1.15 2.78 3.41 3.40 3.18 1.62 3.67 4.51 3.84 3.29 1.27 2.04 2.58 3.89 1.61 1.52 1.23 3.94

I got: 3.06 1.70 0.92 1.93 3.71 3.79 1.00 1.64 2.15 5.00 4.19 3.12 1.74 1.77 3.95 3.10 3.92 1.39 1.17 3.37 2.74 2.69 1.15 2.78 3.41 3.43 3.18 1.62 3.67 4.48 3.85 3.27 1.27 2.05 2.58 3.87 1.62 1.56 1.23 3.94

I got: 3.07 1.70 0.92 1.93 3.73 3.66 0.99 1.65 2.15 5.00 4.19 3.12 1.74 1.76 3.95 3.09 4.02 1.39 1.17 3.38 2.74 2.61 1.15 2.78 3.40 3.41 3.10 1.62 3.67 4.52 3.84 3.55 1.27 2.22 2.58 3.88 1.62 1.53 1.22 3.94

I got: 3.07 1.72 0.91 1.92 3.71 3.66 1.00 1.65 2.14 5.00 4.20 3.12 1.74 1.76 3.96 3.10 3.93 1.39 1.17 3.37 2.75 2.55 1.15 2.77 3.40 3.40 3.23 1.62 3.67 4.48 3.84 3.46 1.27 2.04 2.57 3.87 1.61 1.52 1.23 3.95

I got: 3.06 1.69 0.92 1.93 3.72 3.65 1.00 1.65 2.15 5.00 4.19 3.12 1.75 1.76 3.96 3.11 3.91 1.39 1.17 3.37 2.74 2.49 1.14 2.77 3.41 3.37 3.10 1.61 3.67 4.49 3.80 3.25 1.27 2.23 2.58 3.88 1.61 1.51 1.22 3.95

I got: 3.06 1.70 0.92 1.93 3.72 3.81 1.00 1.65 2.14 5.00 4.19 3.12 1.75 1.75 3.97 3.11 3.97 1.39 1.17 3.38 2.75 2.46 1.14 2.77 3.41 3.36 2.88 1.62 3.65 4.54 3.83 3.46 1.27 2.31 2.57 3.88 1.61 1.52 1.22 3.94

I got: 3.06 1.69 0.93 1.93 3.70 3.81 1.00 1.64 2.15 5.00 4.19 3.12 1.74 1.75 3.97 3.10 4.00 1.39 1.16 3.37 2.75 2.64 1.14 2.77 3.41 3.34 3.11 1.62 3.66 4.52 3.81 3.24 1.27 2.39 2.58 3.87 1.61 1.52 1.23 3.95

I got: 3.07 1.70 0.91 1.93 3.70 3.81 1.00 1.64 2.14 5.00 4.18 3.13 1.74 1.75 3.97 3.11 4.01 1.39 1.16 3.38 2.74 2.61 1.14 2.77 3.41 3.31 3.18 1.62 3.67 4.55 3.80 3.18 1.27 2.10 2.57 3.87 1.61 1.52 1.23 3.94

I got: 3.05 1.70 0.93 1.93 3.71 3.85 1.00 1.65 2.13 5.00 4.20 3.12 1.75 1.75 3.96 3.10 4.01 1.39 1.16 3.38 2.75 2.53 1.14 2.76 3.41 3.32 2.88 1.63 3.67 4.56 3.81 3.00 1.27 2.37 2.58 3.87 1.61 1.51 1.22 3.94

I got: 3.07 1.70 0.92 1.92 3.70 3.81 1.00 1.64 2.14 5.00 4.18 3.12 1.74 1.75 3.97 3.09 3.91 1.39 1.16 3.38 2.75 2.32 1.13 2.76 3.41 3.30 3.13 1.63 3.68 4.55 3.78 3.22 1.27 2.36 2.57 3.87 1.61 1.53 1.22 3.94

I got: 3.06 1.69 0.92 1.93 3.70 3.81 1.01 1.65 2.13 5.00 4.20 3.12 1.74 1.74 3.97 3.11 3.94 1.39 1.16 3.38 2.75 2.20 1.14 2.75 3.41 3.30 3.11 1.62 3.66 4.56 3.80 3.25 1.27 2.47 2.58 3.87 1.61 1.52 1.23 3.94

I got: 3.07 1.71 0.92 1.93 3.70 3.67 1.00 1.65 2.13 5.00 4.19 3.12 1.74 1.75 3.96 3.12 3.92 1.39 1.15 3.38 2.74 2.54 1.14 2.76 3.42 3.30 2.70 1.62 3.67 4.57 3.81 2.95 1.27 2.57 2.57 3.88 1.61 1.50 1.23 3.93

I got: 3.07 1.71 0.92 1.93 3.69 3.81 1.00 1.65 2.12 5.00 4.19 3.12 1.74 1.74 3.97 3.10 3.90 1.39 1.16 3.38 2.75 2.16 1.14 2.76 3.42 3.28 2.86 1.62 3.66 4.57 3.78 3.04 1.27 2.45 2.58 3.87 1.61 1.68 1.22 3.94

I got: 3.06 1.70 0.92 1.93 3.68 3.67 1.00 1.64 2.13 4.99 4.20 3.12 1.74 1.74 3.97 3.11 3.99 1.39 1.15 3.38 2.74 2.16 1.14 2.75 3.42 3.27 2.66 1.61 3.67 4.55 3.79 2.91 1.27 2.49 2.58 3.88 1.61 1.50 1.23 3.93

I got: 3.06 1.70 0.91 1.93 3.68 3.80 1.00 1.65 2.12 4.98 4.19 3.12 1.74 1.73 3.98 3.10 3.90 1.39 1.15 3.39 2.74 2.07 1.15 2.75 3.42 3.29 2.79 1.63 3.67 4.57 3.78 2.87 1.27 2.51 2.57 3.88 1.61 1.51 1.23 3.94

I got: 3.06 1.69 0.92 1.93 3.69 3.67 1.01 1.65 2.12 4.99 4.20 3.12 1.74 1.73 3.96 3.12 3.94 1.39 1.15 3.38 2.75 2.35 1.15 2.76 3.42 3.27 2.57 1.62 3.67 4.58 3.79 2.88 1.26 2.67 2.58 3.89 1.61 1.53 1.22 3.95

I got: 3.06 1.70 0.91 1.93 3.69 3.81 1.00 1.65 2.12 4.99 4.19 3.12 1.75 1.74 3.97 3.10 3.90 1.39 1.15 3.31 2.75 2.30 1.14 2.74 3.42 3.26 2.94 1.61 3.66 4.59 3.78 2.80 1.27 2.38 2.57 3.87 1.61 1.70 1.23 3.93

I got: 3.05 1.70 0.92 1.93 3.69 3.81 1.00 1.64 2.12 5.00 4.22 3.12 1.74 1.73 3.97 3.11 3.90 1.38 1.15 3.39 2.74 2.22 1.14 2.75 3.27 3.28 2.64 1.62 3.66 4.57 3.78 2.77 1.27 2.61 2.57 3.87 1.61 1.54 1.22 3.93

I got: 3.06 1.69 0.92 1.92 3.68 3.93 1.00 1.64 2.12 4.98 4.22 3.13 1.74 1.73 3.96 3.12 3.94 1.39 1.15 3.38 2.75 2.27 1.15 2.74 3.41 3.27 2.85 1.62 3.67 4.57 3.77 2.81 1.26 2.69 2.58 3.88 1.61 1.52 1.23 3.93

I got: 3.06 1.70 0.92 1.93 3.68 3.81 1.00 1.64 2.11 4.97 4.25 3.12 1.74 1.73 3.97 3.11 3.92 1.39 1.15 3.14 2.75 2.29 1.14 2.74 3.43 3.25 2.57 1.63 3.66 4.57 3.80 3.04 1.27 2.45 2.58 3.87 1.61 1.81 1.23 3.94

I got: 3.06 1.69 0.92 1.92 3.68 3.68 1.00 1.65 2.11 5.00 4.19 3.12 1.74 1.73 3.97 3.12 3.95 1.39 1.14 3.25 2.75 2.29 1.15 2.74 3.15 3.25 2.73 1.62 3.67 4.61 3.77 2.96 1.26 2.73 2.58 3.87 1.61 1.86 1.22 3.93

I got: 3.07 1.70 0.92 1.93 3.68 3.81 1.00 1.64 2.12 4.98 4.20 3.12 1.75 1.73 3.97 3.10 3.92 1.40 1.14 3.37 2.75 2.09 1.14 2.74 3.35 3.24 2.55 1.62 3.67 4.57 3.79 2.69 1.27 2.70 2.58 3.87 1.61 1.85 1.23 3.92

I got: 3.06 1.69 0.92 1.92 3.66 3.96 1.00 1.64 2.11 5.00 4.25 3.12 1.75 1.73 3.98 3.12 3.91 1.39 1.14 3.33 2.75 2.04 1.15 2.74 3.41 3.24 2.61 1.62 3.66 4.60 3.78 3.05 1.27 2.69 2.58 3.87 1.61 1.86 1.22 3.94

I got: 3.07 1.70 0.92 1.92 3.67 3.96 1.00 1.64 2.11 4.99 4.22 3.12 1.74 1.72 3.77 3.11 3.92 1.38 1.14 3.21 2.75 2.11 1.14 2.73 3.31 3.25 2.79 1.62 3.68 4.59 3.77 2.88 1.27 2.68 2.57 3.87 1.61 1.87 1.23 3.94

I got: 3.07 1.74 0.92 1.92 3.68 3.95 1.00 1.64 2.10 4.98 4.22 3.12 1.74 1.72 3.97 3.12 3.91 1.40 1.14 3.15 2.75 2.16 1.14 2.73 3.12 3.25 2.49 1.62 3.67 4.59 3.77 2.99 1.26 2.91 2.58 3.87 1.61 1.99 1.23 3.92

I got: 3.07 1.73 0.92 1.92 3.67 3.96 1.00 1.64 2.10 4.97 4.20 3.12 1.74 1.72 3.67 3.12 3.92 1.39 1.14 3.27 2.75 1.82 1.14 2.73 3.27 3.25 2.75 1.62 3.66 4.58 3.79 2.64 1.27 2.81 2.57 3.87 1.61 1.90 1.22 3.94

I got: 3.06 1.70 0.92 1.92 3.66 3.83 1.00 1.65 2.11 4.97 4.20 3.12 1.74 1.72 3.69 3.12 3.92 1.39 1.14 2.93 2.75 1.93 1.14 2.74 2.98 3.24 2.48 1.63 3.67 4.59 3.78 2.64 1.27 2.71 2.57 3.87 1.61 2.02 1.22 3.93

I got: 3.06 1.74 0.92 1.92 3.66 3.96 1.00 1.64 2.11 4.99 4.18 3.12 1.74 1.72 3.75 3.11 3.90 1.39 1.14 2.94 2.75 2.16 1.14 2.73 2.98 3.24 2.76 1.62 3.66 4.58 3.78 2.96 1.27 2.82 2.58 3.86 1.61 1.85 1.23 3.93

I got: 3.06 1.69 0.91 1.93 3.66 3.81 1.00 1.64 2.11 4.98 4.20 3.12 1.74 1.71 3.57 3.11 3.90 1.39 1.14 3.02 2.75 2.06 1.14 2.73 2.90 3.23 2.64 1.63 3.67 4.61 3.77 2.91 1.26 2.98 2.57 3.86 1.61 1.87 1.23 3.94

I got: 3.07 1.72 0.93 1.93 3.67 3.96 0.99 1.65 2.09 5.00 4.19 3.12 1.74 1.71 3.73 3.11 3.91 1.40 1.13 2.81 2.75 1.76 1.15 2.74 3.08 3.23 2.55 1.62 3.67 4.62 3.77 2.65 1.27 2.92 2.58 3.87 1.61 1.85 1.22 3.91

I got: 3.06 1.70 0.93 1.92 3.67 3.81 1.00 1.64 2.10 4.99 4.25 3.12 1.74 1.71 3.55 3.12 3.89 1.39 1.14 2.91 2.75 2.05 1.14 2.73 2.93 3.23 2.31 1.63 3.66 4.57 3.77 2.72 1.27 3.03 2.57 3.87 1.61 2.09 1.22 3.93

######################### object electrode 5 ##########################


I got: 3.01 1.86 1.33 1.24 3.78 4.06 1.58 1.01 2.11 4.99 4.16 4.01 1.00 1.66 3.96 3.21 4.10 1.12 1.56 3.59 2.76 1.99 2.85 1.14 3.18 3.09 1.89 0.74 3.46 4.24 3.82 2.69 1.22 2.96 1.77 3.91 1.58 2.01 1.40 3.01

I got: 2.98 1.86 1.33 1.24 3.77 4.16 1.57 1.00 2.12 5.00 4.22 4.01 0.99 1.66 3.97 3.22 4.08 1.11 1.55 3.57 2.76 2.14 2.84 1.14 3.17 3.07 1.97 0.74 3.46 4.26 3.85 2.92 1.21 2.81 1.76 3.91 1.59 2.05 1.39 3.02

I got: 2.99 1.85 1.33 1.24 3.77 3.93 1.57 1.01 2.12 4.99 4.20 4.01 1.00 1.66 3.96 3.21 4.09 1.11 1.55 3.59 2.76 2.27 2.85 1.13 3.18 3.07 2.22 0.75 3.46 4.26 3.83 2.61 1.22 2.82 1.78 3.91 1.59 2.01 1.38 3.02

I got: 3.00 1.91 1.33 1.24 3.77 3.94 1.58 1.01 2.11 5.00 4.19 4.01 1.00 1.65 3.77 3.22 4.10 1.12 1.56 3.47 2.76 2.00 2.84 1.13 3.15 3.06 2.12 0.74 3.45 4.27 3.83 2.97 1.22 2.81 1.77 3.90 1.59 2.00 1.39 3.02

I got: 2.99 1.85 1.32 1.24 3.78 3.98 1.57 1.00 2.11 4.99 4.22 4.02 1.00 1.66 3.97 3.21 4.10 1.12 1.54 3.59 2.76 2.27 2.85 1.13 3.15 3.08 2.16 0.74 3.45 4.28 3.83 2.61 1.22 2.94 1.78 3.91 1.59 2.02 1.39 3.01

I got: 2.99 1.91 1.33 1.25 3.77 4.05 1.57 1.00 2.11 4.99 4.20 4.01 1.00 1.65 3.78 3.22 4.09 1.12 1.55 3.58 2.76 2.21 2.85 1.13 3.18 3.07 2.05 0.74 3.46 4.26 3.83 2.59 1.21 2.94 1.77 3.90 1.59 2.04 1.39 3.03

I got: 3.00 1.86 1.32 1.23 3.74 4.05 1.58 1.01 2.11 4.98 4.21 4.01 1.00 1.66 3.75 3.23 4.13 1.12 1.55 3.30 2.76 2.27 2.84 1.13 3.17 3.05 2.13 0.75 3.46 4.30 3.84 2.87 1.22 2.80 1.78 3.91 1.58 2.15 1.38 3.01

I got: 2.99 1.91 1.32 1.24 3.77 4.04 1.57 1.00 2.10 4.98 4.22 4.02 0.99 1.65 3.97 3.21 4.09 1.11 1.55 3.33 2.77 2.09 2.85 1.13 3.09 3.07 1.86 0.74 3.45 4.26 3.83 2.81 1.21 2.90 1.76 3.89 1.58 2.10 1.38 3.02

I got: 3.00 1.92 1.34 1.23 3.76 4.16 1.56 1.01 2.11 5.00 4.22 4.01 1.00 1.65 3.83 3.22 4.11 1.12 1.54 3.27 2.76 1.99 2.85 1.13 3.12 3.05 1.74 0.74 3.46 4.31 3.84 2.49 1.22 2.82 1.76 3.91 1.58 2.15 1.38 3.01

I got: 3.00 1.86 1.33 1.24 3.75 4.15 1.57 1.00 2.10 4.99 4.18 4.01 1.00 1.64 3.77 3.22 4.07 1.11 1.55 3.35 2.76 2.02 2.83 1.12 2.89 3.05 1.76 0.75 3.45 4.30 3.83 2.85 1.21 2.84 1.78 3.90 1.58 2.00 1.39 3.02

I got: 3.00 1.88 1.32 1.24 3.76 4.17 1.57 1.00 2.10 5.00 4.21 4.02 0.99 1.65 3.64 3.22 4.10 1.12 1.54 3.39 2.77 2.16 2.85 1.12 3.10 3.05 2.03 0.75 3.45 4.33 3.84 2.44 1.22 3.01 1.78 3.91 1.58 2.32 1.39 3.01

I got: 2.99 1.86 1.33 1.24 3.76 4.18 1.58 1.00 2.10 4.97 4.21 4.02 1.00 1.65 3.97 3.22 4.09 1.11 1.54 3.17 2.76 1.97 2.85 1.12 2.83 3.04 2.02 0.74 3.45 4.30 3.85 2.46 1.21 2.91 1.77 3.90 1.58 2.07 1.38 3.02

I got: 3.00 1.89 1.34 1.24 3.75 3.93 1.58 1.01 2.10 4.98 4.19 4.01 0.99 1.65 3.93 3.21 4.11 1.11 1.54 3.35 2.76 1.97 2.84 1.12 2.82 3.03 1.84 0.74 3.45 4.34 3.82 2.67 1.22 3.18 1.78 3.90 1.58 2.15 1.37 3.01

I got: 3.00 1.86 1.33 1.24 3.74 4.07 1.57 1.00 2.11 4.99 4.21 4.02 1.00 1.64 3.55 3.22 4.11 1.11 1.54 3.48 2.77 2.13 2.84 1.11 2.86 3.03 2.05 0.74 3.46 4.32 3.83 2.40 1.21 2.94 1.78 3.90 1.58 2.07 1.39 3.02

I got: 3.00 1.86 1.33 1.24 3.75 4.15 1.57 1.01 2.10 4.99 4.22 4.02 1.00 1.65 3.76 3.22 4.10 1.12 1.54 3.45 2.76 1.95 2.85 1.12 3.02 3.02 1.78 0.75 3.45 4.33 3.83 2.74 1.22 2.92 1.77 3.90 1.58 2.30 1.37 3.00

I got: 3.01 1.88 1.34 1.24 3.75 3.96 1.57 1.00 2.09 4.99 4.21 4.02 1.00 1.65 3.56 3.22 4.11 1.11 1.54 3.29 2.76 1.77 2.85 1.12 2.73 3.03 1.75 0.74 3.46 4.31 3.83 2.40 1.22 3.05 1.77 3.90 1.58 2.32 1.38 3.02

I got: 2.98 1.88 1.32 1.24 3.75 4.16 1.58 1.01 2.10 4.98 4.20 4.01 1.00 1.65 3.62 3.23 4.10 1.11 1.53 3.10 2.76 1.83 2.85 1.12 2.68 3.01 1.99 0.75 3.45 4.34 3.83 2.44 1.21 3.10 1.77 3.90 1.58 2.06 1.38 3.00

I got: 3.00 1.86 1.33 1.24 3.73 4.04 1.57 1.01 2.10 4.97 4.22 4.02 1.00 1.64 3.56 3.23 4.09 1.10 1.53 3.42 2.76 1.95 2.85 1.12 2.77 3.03 1.72 0.75 3.45 4.32 3.81 2.73 1.22 3.11 1.79 3.90 1.58 2.09 1.38 3.02

I got: 3.00 1.85 1.33 1.24 3.74 4.16 1.58 1.01 2.09 4.97 4.19 4.01 1.00 1.65 3.78 3.22 4.11 1.12 1.53 3.02 2.76 1.92 2.83 1.12 2.93 3.03 1.96 0.75 3.45 4.36 3.83 2.40 1.22 3.11 1.77 3.91 1.59 2.41 1.39 2.99

I got: 2.99 1.86 1.33 1.24 3.72 4.01 1.57 1.01 2.09 4.97 4.20 4.02 1.00 1.63 3.56 3.22 4.09 1.11 1.54 3.02 2.77 2.14 2.85 1.12 2.59 3.00 1.95 0.73 3.45 4.34 3.82 2.54 1.21 3.12 1.78 3.95 1.57 2.31 1.38 3.01

I got: 2.98 1.95 1.34 1.25 3.83 4.18 1.58 1.03 2.13 4.98 4.21 4.01 1.00 1.64 3.55 3.24 4.19 1.10 1.51 3.02 2.76 1.76 2.85 1.11 2.64 3.01 1.96 0.72 3.43 4.35 3.81 2.38 1.21 3.10 1.77 3.95 1.58 2.34 1.38 2.97

I got: 3.00 1.87 1.35 1.26 3.80 4.07 1.59 1.01 2.11 4.96 4.21 4.02 1.00 1.61 3.73 3.22 4.17 1.10 1.52 2.93 2.77 1.91 2.85 1.11 2.79 3.00 1.86 0.71 3.44 4.33 3.80 2.67 1.21 3.11 1.78 3.94 1.57 2.38 1.36 3.01

I got: 2.99 1.97 1.35 1.25 3.81 4.18 1.60 1.02 2.10 4.98 4.20 4.00 0.99 1.64 3.49 3.24 4.16 1.10 1.52 3.04 2.77 1.85 2.84 1.12 2.67 3.00 1.72 0.72 3.44 4.35 3.80 2.62 1.21 3.11 1.79 3.94 1.58 2.34 1.38 2.98


################################# object 6 ################################

I got: 3.00 2.43 1.81 1.47 2.61 3.80 2.11 1.36 1.33 4.98 4.23 4.36 1.61 1.07 3.40 3.22 4.02 2.84 1.04 2.56 3.05 2.24 3.42 1.29 2.75 2.79 1.64 1.23 4.30 3.42 3.62 1.86 0.63 3.08 1.97 4.02 1.61 2.94 2.10 1.92

I got: 2.99 2.35 1.81 1.48 2.62 3.98 2.11 1.36 1.33 4.99 4.22 4.37 1.62 1.07 3.55 3.22 4.01 2.84 1.04 2.77 3.05 2.45 3.42 1.27 3.01 2.79 1.62 1.23 4.29 3.41 3.62 1.87 0.63 3.08 1.98 4.02 1.61 3.04 2.10 1.92

I got: 3.00 2.50 1.80 1.46 2.60 3.96 2.12 1.36 1.34 4.98 4.22 4.37 1.62 1.07 3.35 3.21 4.01 2.85 1.03 2.92 3.05 2.42 3.43 1.28 2.80 2.78 1.44 1.23 4.30 3.43 3.61 1.97 0.62 3.08 1.97 4.02 1.61 2.76 2.11 1.92

I got: 2.98 2.53 1.81 1.48 2.61 3.81 2.11 1.37 1.33 4.98 4.22 4.37 1.61 1.07 3.40 3.22 4.01 2.83 1.04 2.92 3.06 2.50 3.43 1.27 2.65 2.78 1.63 1.23 4.29 3.42 3.61 1.70 0.62 3.08 1.97 4.02 1.61 3.07 2.11 1.92

I got: 2.99 2.49 1.81 1.45 2.60 3.82 2.11 1.37 1.33 4.96 4.22 4.37 1.61 1.07 3.34 3.22 4.02 2.83 1.04 2.95 3.05 2.39 3.41 1.28 2.77 2.79 1.59 1.23 4.30 3.42 3.63 1.79 0.62 3.09 1.98 4.03 1.61 3.04 2.10 1.92

I got: 2.99 2.22 1.80 1.47 2.62 3.70 2.11 1.36 1.33 4.97 4.22 4.37 1.62 1.07 3.36 3.21 4.00 2.84 1.05 2.61 3.05 2.23 3.43 1.28 2.70 2.79 1.60 1.23 4.29 3.41 3.62 1.73 0.62 3.08 1.99 4.03 1.61 3.10 2.10 1.93

I got: 2.99 2.42 1.81 1.46 2.61 3.82 2.11 1.36 1.33 4.98 4.21 4.37 1.61 1.07 3.31 3.21 4.01 2.83 1.04 2.84 3.05 2.49 3.42 1.28 2.81 2.79 1.50 1.23 4.30 3.41 3.63 1.97 0.62 3.08 1.97 4.03 1.61 3.06 2.10 1.93

I got: 2.99 2.44 1.82 1.46 2.61 3.82 2.11 1.37 1.33 4.98 4.24 4.37 1.62 1.08 3.40 3.22 4.02 2.85 1.04 2.59 3.05 2.25 3.42 1.28 2.79 2.78 1.63 1.24 4.29 3.42 3.62 1.87 0.63 3.09 1.98 4.03 1.61 3.03 2.11 1.92

I got: 2.99 2.53 1.81 1.47 2.62 3.82 2.11 1.36 1.33 4.97 4.23 4.37 1.62 1.07 3.63 3.22 4.00 2.84 1.04 2.99 3.04 2.45 3.42 1.27 2.93 2.78 1.34 1.23 4.29 3.42 3.61 2.01 0.62 3.08 1.99 4.02 1.61 2.98 2.10 1.93

I got: 2.99 2.47 1.82 1.47 2.61 3.71 2.11 1.36 1.33 4.97 4.25 4.38 1.62 1.07 3.40 3.22 4.02 2.84 1.04 2.96 3.04 2.39 3.42 1.28 2.68 2.78 1.35 1.23 4.29 3.42 3.62 1.91 0.62 3.09 1.98 4.03 1.61 2.97 2.10 1.94

I got: 2.98 2.56 1.81 1.47 2.61 3.70 2.11 1.37 1.33 4.97 4.22 4.37 1.61 1.07 3.33 3.22 4.03 2.84 1.04 2.96 3.06 2.24 3.42 1.28 3.01 2.79 1.68 1.23 4.29 3.42 3.63 2.09 0.62 3.09 1.98 4.02 1.61 2.97 2.10 1.92

I got: 3.00 2.52 1.81 1.49 2.61 3.96 2.11 1.36 1.33 4.97 4.22 4.37 1.61 1.07 3.56 3.21 4.02 2.85 1.03 2.57 3.05 2.23 3.43 1.28 2.95 2.78 1.66 1.24 4.28 3.42 3.63 1.92 0.62 3.08 1.98 4.03 1.61 2.97 2.10 1.92

I got: 2.98 2.45 1.81 1.49 2.62 3.82 2.11 1.37 1.33 4.98 4.25 4.37 1.62 1.07 3.30 3.22 4.01 2.84 1.04 2.65 3.05 2.28 3.42 1.28 2.87 2.79 1.64 1.23 4.29 3.41 3.63 1.93 0.61 3.09 1.99 4.03 1.62 2.96 2.09 1.93

I got: 2.99 2.43 1.81 1.47 2.61 3.83 2.11 1.36 1.32 4.97 4.22 4.37 1.62 1.07 3.39 3.22 4.02 2.85 1.04 2.97 3.05 2.23 3.43 1.28 2.65 2.78 1.63 1.23 4.29 3.42 3.63 1.92 0.62 3.08 1.99 4.01 1.61 2.97 2.10 1.93

I got: 2.99 2.43 1.81 1.48 2.62 3.71 2.11 1.37 1.33 4.98 4.25 4.36 1.62 1.07 3.60 3.22 4.00 2.84 1.04 2.90 3.05 2.51 3.43 1.27 2.80 2.79 1.51 1.24 4.30 3.41 3.62 1.70 0.62 3.09 1.98 4.03 1.61 3.02 2.10 1.94

I got: 2.99 2.44 1.81 1.47 2.61 3.71 2.11 1.37 1.33 4.98 4.23 4.37 1.63 1.07 3.62 3.22 4.00 2.84 1.04 2.99 3.05 2.29 3.43 1.28 2.63 2.79 1.36 1.24 4.30 3.41 3.63 1.88 0.62 3.08 1.97 4.02 1.61 2.97 2.11 1.94

I got: 3.00 2.44 1.81 1.48 2.61 3.95 2.11 1.38 1.33 4.97 4.22 4.37 1.62 1.07 3.59 3.22 4.00 2.84 1.04 2.85 3.05 2.46 3.42 1.28 2.77 2.78 1.56 1.23 4.29 3.41 3.63 1.80 0.62 3.08 1.99 4.02 1.61 2.97 2.10 1.93

I got: 2.99 2.43 1.81 1.48 2.61 3.96 2.11 1.36 1.33 4.98 4.24 4.36 1.62 1.07 3.42 3.22 4.01 2.84 1.04 2.70 3.05 2.42 3.43 1.28 2.99 2.78 1.60 1.24 4.30 3.43 3.62 1.92 0.62 3.08 1.98 4.01 1.61 2.97 2.10 1.93

I got: 2.99 2.56 1.82 1.47 2.61 3.83 2.11 1.36 1.33 4.98 4.26 4.37 1.62 1.07 3.47 3.22 4.02 2.84 1.04 2.58 3.05 2.27 3.41 1.28 2.67 2.78 1.34 1.24 4.30 3.42 3.61 2.02 0.62 3.09 1.99 4.02 1.61 2.97 2.10 1.92

I got: 2.99 2.43 1.81 1.47 2.60 3.82 2.11 1.36 1.32 4.99 4.21 4.37 1.61 1.07 3.41 3.21 4.00 2.84 1.03 2.94 3.05 2.45 3.42 1.29 2.60 2.78 1.53 1.23 4.30 3.41 3.63 1.65 0.62 3.09 1.98 4.02 1.61 3.13 2.10 1.93

I got: 2.99 2.43 1.81 1.47 2.61 3.72 2.11 1.36 1.33 4.99 4.22 4.37 1.61 1.07 3.35 3.21 4.00 2.85 1.04 2.56 3.05 2.46 3.42 1.27 2.57 2.78 1.47 1.23 4.30 3.41 3.61 1.66 0.62 3.09 1.98 4.04 1.61 2.97 2.10 1.93

I got: 2.99 2.46 1.81 1.47 2.61 3.82 2.11 1.37 1.33 4.99 4.23 4.36 1.63 1.07 3.39 3.22 4.02 2.85 1.04 2.75 3.05 2.25 3.43 1.29 2.99 2.78 1.52 1.23 4.30 3.42 3.61 1.84 0.62 3.08 1.99 4.02 1.61 2.97 2.10 1.92

I got: 2.98 2.43 1.81 1.47 2.61 3.83 2.11 1.36 1.33 4.99 4.25 4.36 1.63 1.06 3.40 3.22 4.01 2.84 1.04 2.57 3.05 2.25 3.42 1.27 2.69 2.78 1.55 1.23 4.29 3.41 3.63 1.96 0.62 3.08 1.98 4.02 1.61 3.02 2.10 1.95

I got: 2.99 2.44 1.81 1.47 2.61 3.97 2.11 1.36 1.32 4.99 4.22 4.37 1.61 1.07 3.52 3.22 4.00 2.84 1.04 2.74 3.06 2.24 3.43 1.28 2.86 2.78 1.43 1.23 4.30 3.43 3.62 2.00 0.62 3.08 2.00 4.03 1.61 2.97 2.10 1.92

###################################### object 7 ###############################

I got: 3.08 2.77 1.79 1.91 1.52 3.69 2.06 1.72 1.24 4.45 4.28 4.03 1.93 1.21 2.35 3.22 4.01 3.29 1.28 1.59 3.04 2.20 3.31 2.52 1.45 3.08 1.86 1.64 4.47 3.40 2.78 1.24 0.56 3.16 3.28 3.87 1.26 3.08 1.51 1.96

I got: 3.09 2.87 1.79 1.91 1.53 3.69 2.06 1.72 1.23 4.30 4.28 4.30 1.92 1.21 2.11 3.22 4.01 3.28 1.28 1.48 3.04 2.27 3.31 2.51 1.48 3.09 1.85 1.64 4.48 3.39 2.78 1.04 0.56 3.16 3.29 3.88 1.25 3.07 1.51 1.95

I got: 3.10 2.76 1.79 1.90 1.53 3.70 2.06 1.72 1.24 4.35 4.26 4.11 1.93 1.21 2.13 3.22 4.00 3.28 1.27 1.48 3.04 2.20 3.32 2.51 1.45 3.09 1.87 1.65 4.47 3.40 2.78 1.09 0.56 3.16 3.28 3.87 1.26 3.07 1.52 1.95

I got: 3.10 2.54 1.79 1.91 1.53 3.74 2.06 1.71 1.23 4.38 4.30 4.22 1.93 1.20 2.30 3.22 4.01 3.29 1.28 1.47 3.03 2.27 3.31 2.51 1.45 3.09 1.95 1.66 4.48 3.40 2.78 1.20 0.56 3.17 3.30 3.87 1.25 2.86 1.50 1.96

I got: 3.09 2.76 1.79 1.91 1.53 3.57 2.06 1.72 1.25 4.28 4.27 4.15 1.92 1.21 2.26 3.23 4.01 3.28 1.27 1.57 3.05 2.22 3.32 2.52 1.47 3.09 1.86 1.64 4.47 3.40 2.79 1.09 0.56 3.17 3.28 3.87 1.25 3.08 1.51 1.96

I got: 3.10 2.76 1.79 1.90 1.52 3.55 2.07 1.73 1.23 4.30 4.24 4.00 1.93 1.22 2.16 3.22 4.00 3.27 1.27 1.47 3.04 2.20 3.32 2.50 1.47 3.09 1.87 1.65 4.48 3.40 2.78 1.19 0.56 3.16 3.30 3.88 1.26 3.07 1.51 1.96

I got: 3.10 2.84 1.79 1.90 1.54 3.57 2.07 1.72 1.25 4.30 4.27 4.30 1.92 1.22 2.28 3.23 4.01 3.28 1.28 1.56 3.04 2.28 3.33 2.51 1.47 3.09 1.85 1.64 4.47 3.40 2.78 1.15 0.56 3.17 3.27 3.87 1.26 3.07 1.51 1.97

I got: 3.09 2.77 1.79 1.91 1.51 3.74 2.07 1.71 1.23 4.33 4.27 4.30 1.93 1.22 2.19 3.23 4.00 3.29 1.28 1.58 3.03 2.20 3.32 2.51 1.45 3.09 1.86 1.64 4.48 3.41 2.78 1.15 0.56 3.16 3.29 3.88 1.25 3.07 1.52 1.96

I got: 3.09 2.76 1.79 1.91 1.52 3.57 2.06 1.72 1.23 4.37 4.29 4.15 1.93 1.20 2.11 3.23 4.02 3.29 1.27 1.47 3.04 2.20 3.32 2.51 1.46 3.08 1.86 1.64 4.48 3.40 2.79 1.12 0.56 3.17 3.28 3.88 1.26 3.07 1.52 1.96

I got: 3.09 2.73 1.79 1.91 1.53 3.57 2.06 1.72 1.24 4.39 4.29 4.13 1.93 1.21 2.24 3.23 4.00 3.30 1.27 1.58 3.04 2.21 3.31 2.50 1.45 3.08 1.86 1.64 4.48 3.40 2.78 1.05 0.56 3.17 3.29 3.89 1.26 3.08 1.50 1.97

I got: 3.09 2.75 1.80 1.91 1.52 3.57 2.06 1.72 1.24 4.30 4.27 4.11 1.92 1.21 2.11 3.22 4.01 3.29 1.27 1.47 3.04 2.20 3.31 2.51 1.50 3.08 1.94 1.65 4.49 3.40 2.78 1.15 0.56 3.17 3.28 3.88 1.25 3.07 1.51 1.97

I got: 3.09 2.74 1.78 1.90 1.52 3.57 2.06 1.73 1.23 4.41 4.26 4.25 1.93 1.21 2.11 3.22 4.02 3.28 1.28 1.50 3.03 2.20 3.32 2.50 1.44 3.09 1.85 1.64 4.47 3.40 2.79 1.08 0.56 3.16 3.29 3.89 1.26 3.08 1.51 1.95

I got: 3.10 2.77 1.80 1.90 1.53 3.69 2.07 1.71 1.24 4.37 4.29 4.00 1.93 1.21 2.30 3.22 4.00 3.29 1.28 1.54 3.04 2.22 3.31 2.51 1.45 3.08 1.93 1.65 4.48 3.39 2.79 1.19 0.56 3.17 3.29 3.87 1.25 3.07 1.51 1.97

I got: 3.07 2.77 1.79 1.90 1.52 3.57 2.07 1.72 1.24 4.30 4.27 4.01 1.93 1.22 2.11 3.22 4.02 3.29 1.27 1.53 3.05 2.19 3.31 2.50 1.52 3.08 1.93 1.65 4.47 3.39 2.78 1.05 0.56 3.17 3.28 3.87 1.26 3.07 1.52 1.96

I got: 3.09 2.77 1.79 1.92 1.55 3.70 2.06 1.71 1.23 4.29 4.30 4.02 1.93 1.21 2.13 3.21 3.99 3.29 1.26 1.55 3.03 2.28 3.32 2.51 1.45 3.08 1.88 1.64 4.48 3.40 2.78 1.10 0.56 3.16 3.30 3.88 1.25 3.07 1.52 1.98

I got: 3.09 2.76 1.79 1.90 1.54 3.78 2.07 1.72 1.24 4.30 4.27 4.00 1.93 1.21 2.31 3.22 4.03 3.28 1.27 1.48 3.04 2.27 3.33 2.51 1.46 3.09 1.86 1.65 4.48 3.39 2.79 1.20 0.56 3.17 3.27 3.88 1.26 3.08 1.51 1.95

I got: 3.09 2.77 1.79 1.91 1.53 3.55 2.07 1.72 1.23 4.31 4.27 4.06 1.93 1.21 2.10 3.22 3.99 3.29 1.28 1.57 3.05 2.23 3.32 2.51 1.48 3.09 1.86 1.65 4.48 3.40 2.78 1.06 0.56 3.16 3.30 3.87 1.25 3.08 1.51 1.97

I got: 3.09 2.81 1.79 1.91 1.52 3.59 2.07 1.72 1.24 4.40 4.28 3.99 1.93 1.20 2.11 3.21 4.02 3.28 1.26 1.48 3.04 2.19 3.32 2.50 1.45 3.08 1.87 1.65 4.48 3.41 2.78 1.21 0.56 3.16 3.28 3.87 1.26 3.07 1.51 1.95

I got: 3.10 2.90 1.79 1.91 1.54 3.56 2.07 1.72 1.23 4.30 4.29 4.15 1.93 1.21 2.11 3.22 3.99 3.28 1.27 1.57 3.04 2.22 3.31 2.50 1.46 3.08 1.86 1.65 4.47 3.40 2.79 1.05 0.56 3.16 3.29 3.88 1.26 3.07 1.51 1.96

I got: 3.09 2.87 1.79 1.91 1.53 3.57 2.06 1.71 1.24 4.27 4.25 4.01 1.93 1.20 2.12 3.22 4.03 3.29 1.28 1.46 3.04 2.21 3.32 2.51 1.46 3.08 1.86 1.65 4.47 3.40 2.78 1.15 0.56 3.16 3.28 3.88 1.25 3.07 1.52 1.96

I got: 3.09 2.77 1.79 1.91 1.53 3.69 2.06 1.73 1.23 4.42 4.28 4.15 1.93 1.22 2.11 3.22 4.01 3.28 1.27 1.54 3.04 2.25 3.33 2.51 1.46 3.08 1.86 1.64 4.48 3.39 2.78 1.19 0.56 3.17 3.30 3.89 1.26 3.07 1.51 1.97

I got: 3.10 2.93 1.79 1.91 1.54 3.65 2.07 1.73 1.23 4.38 4.27 4.21 1.93 1.21 2.30 3.22 4.00 3.29 1.27 1.47 3.04 2.27 3.33 2.50 1.45 3.08 1.92 1.65 4.48 3.40 2.79 1.05 0.56 3.16 3.29 3.88 1.26 3.07 1.51 1.96

I got: 3.09 2.78 1.78 1.92 1.52 3.57 2.07 1.72 1.25 4.39 4.27 4.00 1.93 1.21 2.11 3.22 4.01 3.28 1.28 1.48 3.04 2.26 3.31 2.50 1.51 3.09 1.93 1.65 4.47 3.39 2.79 1.06 0.56 3.16 3.28 3.89 1.25 3.07 1.50 1.97

I got: 3.10 2.86 1.79 1.91 1.52 3.75 2.07 1.72 1.23 4.32 4.28 4.05 1.93 1.22 2.11 3.22 4.00 3.28 1.26 1.46 3.04 2.26 3.32 2.50 1.46 3.08 1.85 1.65 4.47 3.40 2.79 1.19 0.56 3.16 3.28 3.88 1.25 3.07 1.51 1.96

I got: 3.09 2.77 1.78 1.91 1.53 3.56 2.07 1.72 1.24 4.29 4.29 4.12 1.93 1.21 2.24 3.22 4.02 3.28 1.27 1.46 3.04 2.20 3.31 2.50 1.52 3.09 1.87 1.65 4.47 3.39 2.79 1.22 0.56 3.16 3.29 3.89 1.26 3.08 1.51 1.95

I got: 3.09 2.83 1.79 1.91 1.53 3.56 2.06 1.71 1.24 4.28 4.29 4.02 1.92 1.21 2.30 3.22 4.00 3.28 1.27 1.46 3.05 2.21 3.32 2.50 1.46 3.08 1.92 1.64 4.47 3.39 2.78 1.04 0.56 3.16 3.30 3.89 1.25 3.07 1.52 1.96

I got: 3.08 2.76 1.79 1.91 1.52 3.56 2.07 1.72 1.25 4.35 4.26 4.14 1.93 1.20 2.11 3.22 4.00 3.28 1.27 1.57 3.04 2.20 3.31 2.50 1.45 3.08 1.86 1.65 4.48 3.39 2.78 1.04 0.56 3.17 3.28 3.88 1.26 3.07 1.51 1.96

I got: 3.09 2.76 1.79 1.92 1.54 3.70 2.07 1.72 1.24 4.30 4.26 4.06 1.92 1.22 2.12 3.23 4.00 3.29 1.27 1.46 3.04 2.22 3.32 2.51 1.44 3.09 1.86 1.65 4.48 3.40 2.79 1.17 0.56 3.16 3.28 3.88 1.26 3.07 1.52 1.96

I got: 3.09 2.76 1.79 1.92 1.52 3.59 2.07 1.72 1.23 4.30 4.27 4.01 1.92 1.21 2.28 3.22 4.01 3.29 1.27 1.48 3.04 2.24 3.31 2.51 1.46 3.08 1.86 1.65 4.47 3.40 2.78 1.15 0.56 3.16 3.29 3.87 1.25 3.07 1.51 1.95

I got: 3.09 2.77 1.79 1.91 1.52 3.69 2.07 1.72 1.23 4.43 4.28 4.01 1.92 1.21 2.12 3.23 4.00 3.29 1.27 1.56 3.04 2.26 3.33 2.51 1.48 3.08 1.85 1.64 4.47 3.40 2.78 1.04 0.56 3.16 3.29 3.88 1.26 3.08 1.51 1.97

I got: 3.09 2.91 1.80 1.91 1.53 3.56 2.06 1.73 1.23 4.34 4.29 4.01 1.92 1.21 2.17 3.23 4.01 3.29 1.27 1.48 3.04 2.25 3.31 2.51 1.52 3.09 1.87 1.65 4.48 3.40 2.78 1.19 0.56 3.16 3.29 3.88 1.26 3.07 1.52 1.97

I got: 3.10 2.77 1.79 1.90 1.52 3.74 2.07 1.72 1.24 4.30 4.26 4.01 1.93 1.20 2.28 3.22 4.00 3.28 1.27 1.53 3.04 2.27 3.31 2.51 1.45 3.09 1.87 1.65 4.48 3.39 2.78 1.05 0.57 3.16 3.29 3.89 1.26 3.08 1.51 1.96

I got: 3.09 2.77 1.80 1.92 1.52 3.56 2.06 1.72 1.23 4.37 4.28 4.18 1.93 1.21 2.11 3.22 4.02 3.30 1.27 1.47 3.04 2.20 3.32 2.51 1.50 3.08 1.87 1.64 4.49 3.39 2.78 1.04 0.56 3.17 3.30 3.88 1.26 3.07 1.52 1.96

I got: 3.10 2.77 1.79 1.91 1.52 3.55 2.07 1.73 1.24 4.39 4.30 4.00 1.93 1.21 2.11 3.23 4.01 3.30 1.27 1.54 3.04 2.26 3.33 2.50 1.46 3.09 1.92 1.64 4.47 3.40 2.78 1.04 0.56 3.16 3.29 3.88 1.26 3.07 1.51 1.96

I got: 3.09 2.85 1.79 1.91 1.53 3.56 2.07 1.72 1.24 4.46 4.26 4.13 1.93 1.21 2.10 3.22 4.00 3.30 1.28 1.47 3.04 2.21 3.31 2.51 1.50 3.08 1.91 1.65 4.48 3.40 2.78 1.17 0.56 3.17 3.29 3.89 1.26 3.08 1.51 1.96

I got: 3.09 2.76 1.79 1.91 1.53 3.56 2.07 1.72 1.24 4.30 4.26 4.25 1.93 1.21 2.12 3.22 4.00 3.28 1.27 1.47 3.04 2.21 3.32 2.51 1.46 3.09 1.90 1.64 4.49 3.39 2.78 1.04 0.56 3.17 3.29 3.88 1.25 3.07 1.52 1.96

I got: 3.09 2.89 1.79 1.91 1.51 3.66 2.07 1.72 1.23 4.31 4.28 4.30 1.92 1.21 2.20 3.22 4.01 3.29 1.27 1.47 3.04 2.27 3.31 2.51 1.46 3.09 1.87 1.65 4.47 3.40 2.78 1.16 0.56 3.16 3.30 3.87 1.26 3.07 1.51 1.95

I got: 3.09 2.77 1.79 1.90 1.53 3.57 2.07 1.72 1.23 4.30 4.30 4.00 1.93 1.21 2.30 3.22 3.99 3.30 1.27 1.51 3.04 2.25 3.33 2.50 1.45 3.09 1.86 1.64 4.47 3.40 2.78 1.12 0.56 3.17 3.29 3.87 1.26 3.07 1.52 1.97

I got: 3.09 2.77 1.79 1.90 1.52 3.59 2.07 1.72 1.24 4.39 4.26 3.99 1.93 1.21 2.27 3.23 4.00 3.30 1.27 1.55 3.04 2.21 3.33 2.50 1.45 3.08 1.87 1.65 4.47 3.40 2.78 1.05 0.56 3.16 3.28 3.89 1.26 3.07 1.52 1.96

I got: 3.09 2.77 1.80 1.91 1.52 3.73 2.07 1.73 1.24 4.29 4.30 4.29 1.93 1.21 2.12 3.22 3.99 3.29 1.28 1.54 3.04 2.21 3.33 2.50 1.45 3.09 1.86 1.65 4.48 3.39 2.78 1.18 0.56 3.16 3.29 3.89 1.26 3.07 1.52 1.95

I got: 3.09 2.76 1.79 1.91 1.52 3.74 2.07 1.72 1.24 4.33 4.28 4.04 1.92 1.20 2.25 3.22 4.01 3.29 1.27 1.47 3.04 2.22 3.32 2.51 1.46 3.08 1.88 1.65 4.48 3.41 2.78 1.04 0.56 3.17 3.29 3.89 1.26 3.08 1.52 1.96

I got: 3.09 2.76 1.79 1.91 1.53 3.57 2.07 1.72 1.24 4.30 4.27 3.99 1.93 1.22 2.12 3.23 4.00 3.28 1.27 1.47 3.04 2.20 3.32 2.50 1.45 3.08 1.86 1.65 4.47 3.40 2.79 1.04 0.55 3.17 3.30 3.88 1.26 3.07 1.51 1.96

I got: 3.10 2.77 1.79 1.91 1.52 3.69 2.07 1.72 1.23 4.38 4.26 3.98 1.92 1.21 2.31 3.21 4.02 3.28 1.27 1.51 3.04 2.20 3.31 2.51 1.48 3.08 1.86 1.64 4.48 3.40 2.78 1.04 0.56 3.16 3.29 3.88 1.26 3.07 1.51 1.97

########################################## water again for good measure #############################

I got: 2.83 2.44 1.61 1.78 3.42 3.66 1.87 1.47 1.85 4.94 4.17 3.84 1.67 1.47 2.96 3.17 3.93 3.01 1.54 2.23 2.99 2.09 3.15 3.01 2.34 3.08 1.75 1.46 4.42 4.52 3.68 1.90 1.03 3.41 3.76 3.70 1.40 2.84 1.99 3.65

I got: 2.79 2.43 1.59 1.79 3.47 3.52 1.88 1.50 1.87 4.95 4.17 4.11 1.67 1.45 2.96 3.17 3.92 2.97 1.52 2.23 3.00 2.12 3.19 3.03 2.37 3.08 1.77 1.44 4.38 4.51 3.68 1.87 1.02 3.40 3.80 3.73 1.40 2.99 1.99 3.63

I got: 2.80 2.39 1.59 1.79 3.49 3.59 1.90 1.50 1.89 4.94 4.19 3.84 1.67 1.45 2.96 3.17 3.92 2.97 1.52 2.18 3.00 2.12 3.22 3.02 2.33 3.07 1.76 1.44 4.38 4.52 3.68 1.89 1.02 3.39 3.77 3.70 1.40 2.86 2.01 3.65

I got: 2.81 2.29 1.58 1.76 3.43 3.66 1.88 1.49 1.90 4.95 4.21 4.03 1.70 1.48 2.96 3.18 3.88 2.98 1.52 2.19 2.99 2.20 3.19 3.00 2.33 3.08 1.77 1.48 4.40 4.52 3.68 1.88 1.01 3.39 3.76 3.70 1.41 3.06 2.00 3.65

I got: 2.81 2.29 1.59 1.78 3.43 3.67 1.87 1.49 1.88 4.95 4.20 3.97 1.68 1.48 2.95 3.17 3.89 2.99 1.54 2.20 2.99 2.11 3.19 3.00 2.35 3.08 1.76 1.46 4.40 4.51 3.69 1.89 1.03 3.40 3.76 3.69 1.39 2.85 1.98 3.66

I got: 2.82 2.51 1.60 1.79 3.43 3.66 1.87 1.48 1.85 4.94 4.17 3.88 1.68 1.46 2.94 3.17 3.92 3.00 1.54 2.21 2.99 2.10 3.16 3.02 2.36 3.08 1.82 1.45 4.40 4.51 3.69 1.89 1.03 3.40 3.77 3.71 1.41 3.02 1.99 3.65

I got: 2.81 2.36 1.59 1.78 3.45 3.51 1.88 1.49 1.88 4.94 4.19 4.01 1.67 1.45 2.91 3.17 3.91 2.99 1.52 2.20 3.00 2.11 3.19 3.03 2.34 3.08 1.75 1.44 4.39 4.50 3.68 1.96 1.02 3.40 3.78 3.72 1.41 2.87 1.99 3.64

I got: 2.80 2.40 1.59 1.79 3.47 3.52 1.88 1.50 1.89 4.94 4.19 3.90 1.68 1.46 2.93 3.16 3.93 2.98 1.52 2.21 3.00 2.13 3.21 3.01 2.33 3.08 1.77 1.45 4.40 4.51 3.67 1.88 1.03 3.39 3.77 3.70 1.41 3.10 2.00 3.64

I got: 2.82 2.43 1.59 1.77 3.44 3.72 1.88 1.49 1.89 4.94 4.17 3.89 1.69 1.48 3.01 3.17 3.90 2.99 1.53 2.19 2.99 2.12 3.20 3.01 2.33 3.08 1.76 1.47 4.40 4.51 3.69 1.89 1.02 3.39 3.77 3.69 1.41 2.86 2.00 3.65

I got: 2.81 2.30 1.59 1.77 3.43 3.52 1.87 1.49 1.88 4.95 4.20 3.85 1.68 1.47 2.95 3.17 3.92 2.99 1.54 2.22 2.99 2.12 3.18 3.03 2.37 3.09 1.77 1.46 4.40 4.51 3.69 1.89 1.03 3.40 3.77 3.70 1.40 3.00 1.99 3.66

I got: 2.81 2.50 1.60 1.78 3.44 3.66 1.88 1.49 1.87 4.95 4.19 4.00 1.68 1.46 2.92 3.17 3.91 2.99 1.53 2.19 3.00 2.10 3.17 3.01 2.34 3.07 1.75 1.45 4.40 4.50 3.68 1.88 1.03 3.40 3.78 3.71 1.41 3.09 2.00 3.65

I got: 2.81 2.45 1.59 1.79 3.46 3.53 1.89 1.50 1.89 4.95 4.18 3.87 1.68 1.46 2.93 3.17 3.91 2.98 1.52 2.23 3.00 2.11 3.19 3.02 2.33 3.09 1.76 1.45 4.40 4.48 3.69 1.93 1.02 3.40 3.78 3.71 1.41 2.86 1.99 3.64

I got: 2.80 2.29 1.59 1.78 3.46 3.77 1.88 1.50 1.89 4.94 4.17 4.02 1.68 1.46 2.95 3.17 3.91 2.99 1.52 2.19 3.00 2.13 3.21 3.01 2.33 3.09 1.76 1.46 4.40 4.50 3.68 1.96 1.02 3.40 3.77 3.71 1.41 2.85 1.99 3.67

I got: 2.82 2.30 1.59 1.78 3.44 3.53 1.88 1.49 1.88 4.95 4.19 4.17 1.68 1.47 2.96 3.16 3.91 2.99 1.53 2.22 3.00 2.13 3.19 3.01 2.33 3.08 1.86 1.47 4.41 4.51 3.69 2.00 1.02 3.40 3.76 3.70 1.41 2.93 2.01 3.67

I got: 2.82 2.60 1.59 1.78 3.43 3.73 1.87 1.49 1.87 4.95 4.17 3.88 1.68 1.46 2.94 3.17 3.91 3.00 1.53 2.23 2.99 2.13 3.20 3.01 2.33 3.08 1.78 1.45 4.39 4.51 3.69 1.89 1.04 3.40 3.77 3.70 1.41 3.08 1.99 3.65

I got: 2.81 2.55 1.60 1.78 3.46 3.52 1.87 1.49 1.87 4.94 4.17 4.01 1.68 1.45 2.93 3.17 3.92 2.99 1.53 2.20 2.99 2.11 3.20 3.02 2.34 3.08 1.75 1.45 4.40 4.51 3.69 1.96 1.03 3.40 3.79 3.72 1.41 2.87 2.00 3.65

I got: 2.80 2.28 1.60 1.78 3.46 3.53 1.89 1.50 1.88 4.95 4.18 4.18 1.68 1.46 2.96 3.17 3.92 2.99 1.52 2.19 2.99 2.12 3.20 3.01 2.35 3.08 1.76 1.45 4.40 4.51 3.68 1.94 1.02 3.39 3.78 3.71 1.41 2.87 2.00 3.65

I got: 2.82 2.49 1.59 1.78 3.45 3.76 1.89 1.50 1.88 4.94 4.17 3.97 1.69 1.47 3.02 3.18 3.92 2.99 1.52 2.26 2.99 2.20 3.21 3.01 2.33 3.08 1.82 1.46 4.39 4.49 3.68 1.92 1.03 3.39 3.77 3.70 1.40 2.86 2.00 3.65

