I got: 2.91 1.71 1.52 1.80 3.96 3.45 1.83 1.48 2.39 4.69 3.51 3.27 1.65 1.96 2.55 1.49 3.90 3.01 1.98 1.83 1.17 2.13 3.25 3.49 2.01 1.32 1.79 1.52 4.02 3.64 5.00 1.96 1.17 1.95 3.78 3.83 1.50 1.57 2.03 3.78

I got: 2.88 1.69 1.57 1.84 3.91 3.43 1.87 1.54 2.29 4.91 2.97 4.20 1.73 1.88 3.76 3.02 3.85 3.07 1.91 3.40 2.72 2.38 3.26 3.42 3.48 4.99 1.76 1.53 4.00 5.00 5.00 1.91 1.17 1.95 3.81 3.78 1.53 1.58 2.07 3.88

I got: 2.90 1.68 1.57 1.84 3.90 3.43 1.87 1.55 2.30 4.91 3.30 4.19 1.73 1.89 3.74 3.05 3.86 3.07 1.91 3.40 2.72 2.35 3.25 3.40 3.49 4.99 1.78 1.52 4.00 5.00 5.00 1.91 1.17 1.95 3.82 3.78 1.53 1.58 2.07 3.89

I got: 2.89 1.69 1.56 1.83 3.89 3.43 1.87 1.55 2.29 4.91 3.36 4.19 1.73 1.88 3.75 3.05 3.86 3.08 1.90 3.40 2.90 2.41 3.27 3.40 3.50 5.00 1.79 1.53 4.00 5.00 5.00 1.92 1.17 1.95 3.82 3.79 1.53 1.58 2.07 3.87

I got: 2.90 1.69 1.57 1.83 3.89 3.43 1.86 1.55 2.28 4.91 3.90 4.20 1.74 1.87 3.77 3.00 3.88 3.06 1.90 3.41 2.87 2.09 3.27 3.40 3.50 4.99 1.73 1.52 4.01 5.00 5.00 1.92 1.17 1.95 3.83 3.78 1.53 1.58 2.07 3.88

I got: 2.89 1.68 1.57 1.84 3.89 3.44 1.87 1.55 2.28 4.91 3.72 4.20 1.73 1.87 3.76 3.04 3.88 3.07 1.90 3.41 2.94 2.15 3.27 3.39 3.50 5.00 1.75 1.52 4.00 5.00 5.00 1.91 1.17 1.96 3.82 3.77 1.52 1.58 2.07 3.87

I got: 2.90 1.69 1.57 1.84 3.89 3.42 1.87 1.54 2.28 4.91 3.74 4.20 1.73 1.87 3.76 3.05 3.87 3.07 1.89 3.41 2.94 2.08 3.27 3.39 3.50 4.99 1.72 1.52 4.00 5.00 5.00 1.91 1.17 1.95 3.82 3.78 1.52 1.59 2.08 3.86

I got: 2.90 1.68 1.57 1.84 3.89 3.43 1.87 1.55 2.28 4.90 3.84 4.20 1.74 1.87 3.77 3.11 3.87 3.06 1.89 3.42 2.94 2.09 3.26 3.38 3.50 5.00 1.72 1.53 4.01 5.00 5.00 1.92 1.16 1.95 3.83 3.78 1.53 1.58 2.08 3.86

I got: 2.90 1.68 1.57 1.83 3.87 3.43 1.87 1.55 2.27 4.90 4.00 4.21 1.74 1.86 3.76 3.09 3.87 3.07 1.88 3.41 2.98 2.09 3.26 3.38 3.50 4.99 1.72 1.53 4.00 5.00 5.00 1.93 1.17 1.95 3.82 3.79 1.53 1.58 2.07 3.88

I got: 2.88 1.68 1.57 1.84 3.89 3.43 1.88 1.55 2.28 4.91 3.95 4.21 1.74 1.86 3.76 3.10 3.86 3.07 1.88 3.41 2.95 2.08 3.26 3.38 3.50 5.00 1.73 1.52 4.01 5.00 5.00 1.91 1.17 1.95 3.82 3.78 1.52 1.58 2.08 3.87

I got: 2.89 1.68 1.57 1.84 3.88 3.43 1.87 1.55 2.26 4.91 4.00 4.20 1.74 1.85 3.77 3.10 3.87 3.08 1.88 3.42 2.99 2.09 3.26 3.38 3.51 5.00 1.72 1.52 4.01 5.00 5.00 1.95 1.17 1.95 3.83 3.79 1.52 1.58 2.06 3.87

I got: 2.90 1.68 1.58 1.84 3.87 3.43 1.87 1.55 2.27 4.91 3.98 4.21 1.74 1.85 3.76 3.15 3.88 3.08 1.88 3.42 2.96 2.10 3.27 3.38 3.50 5.00 1.72 1.52 3.99 5.00 5.00 1.97 1.16 1.95 3.83 3.78 1.52 1.58 2.07 3.87

I got: 2.89 1.68 1.57 1.84 3.86 3.44 1.87 1.55 2.26 4.91 3.99 4.20 1.74 1.85 3.76 3.14 3.87 3.09 1.87 3.42 2.97 2.08 3.25 3.37 3.51 5.00 1.77 1.52 4.00 5.00 5.00 1.98 1.16 1.96 3.84 3.78 1.53 1.58 2.07 3.87

I got: 2.67 1.36 1.19 1.10 1.65 3.72 2.09 1.68 1.99 3.68 3.80 4.31 1.90 1.85 3.43 2.88 4.03 3.21 1.90 3.30 2.71 2.90 3.36 3.47 3.40 4.42 2.98 1.64 4.04 3.94 3.16 3.27 1.21 2.02 4.00 1.44 0.67 0.95 1.53 3.29

I got: 2.66 1.36 1.18 1.10 1.66 3.72 2.08 1.68 1.98 3.46 3.80 4.33 1.91 1.85 3.43 2.88 4.16 3.22 1.91 3.30 2.72 2.97 3.36 3.47 3.39 4.39 3.02 1.64 4.03 3.95 3.04 3.04 1.21 2.03 4.00 1.44 0.68 0.95 1.54 3.29

I got: 2.67 1.37 1.19 1.10 1.65 3.72 2.09 1.68 1.98 3.62 3.80 4.31 1.91 1.84 3.43 2.88 4.04 3.21 1.90 3.30 2.71 2.79 3.35 3.47 3.41 3.96 2.82 1.63 4.03 3.97 3.02 3.02 1.21 2.02 4.01 1.44 0.67 0.95 1.53 3.30

I got: 2.66 1.37 1.19 1.10 1.66 3.72 2.09 1.67 1.98 3.65 3.82 4.32 1.90 1.84 3.44 2.89 4.04 3.21 1.90 3.31 2.72 2.79 3.34 3.46 3.40 3.47 2.80 1.63 4.05 4.03 2.99 3.03 1.21 2.02 4.01 1.44 0.67 0.95 1.53 3.30

I got: 2.67 1.37 1.19 1.10 1.65 3.71 2.08 1.68 1.98 3.28 3.82 4.32 1.91 1.84 3.27 2.89 4.03 3.22 1.90 3.26 2.71 2.70 3.36 3.47 3.40 3.44 2.65 1.64 4.04 4.03 2.96 2.87 1.21 2.02 4.02 1.43 0.68 0.95 1.54 3.31

I got: 2.68 1.37 1.18 1.10 1.65 3.72 2.09 1.68 1.97 3.42 3.83 4.32 1.90 1.83 3.43 2.88 4.05 3.21 1.90 3.19 2.72 2.77 3.36 3.47 3.40 3.31 2.41 1.63 4.04 4.05 2.94 3.17 1.20 2.02 4.02 1.44 0.67 0.95 1.53 3.29

I got: 2.66 1.36 1.18 1.10 1.64 3.71 2.09 1.68 1.97 3.04 3.81 4.32 1.90 1.83 3.12 2.89 4.03 3.21 1.90 3.02 2.72 2.69 3.34 3.47 3.24 3.26 2.40 1.63 4.04 4.06 2.92 2.84 1.21 2.02 4.02 1.44 0.68 0.94 1.53 3.30

I got: 2.67 1.37 1.19 1.10 1.65 3.71 2.09 1.68 1.98 3.36 3.80 4.31 1.91 1.83 3.10 2.88 4.05 3.22 1.89 3.08 2.72 2.58 3.35 3.47 3.16 3.18 2.70 1.63 4.05 4.08 2.90 2.90 1.20 2.02 4.02 1.44 0.67 0.94 1.53 3.30

I got: 2.67 1.37 1.19 1.10 1.65 3.71 2.09 1.68 1.97 2.93 3.81 4.31 1.91 1.83 2.88 2.88 4.04 3.22 1.90 2.95 2.72 2.55 3.35 3.47 3.39 3.15 2.47 1.64 4.05 4.09 2.90 2.74 1.21 2.02 4.01 1.44 0.67 0.95 1.53 3.30

I got: 2.67 1.37 1.19 1.10 1.64 3.71 2.09 1.67 1.96 3.02 3.82 4.32 1.91 1.82 3.09 2.89 4.03 3.22 1.89 2.77 2.73 2.56 3.35 3.47 3.07 3.11 2.47 1.64 4.04 4.08 2.88 2.72 1.21 2.02 4.01 1.44 0.68 0.94 1.54 3.30

I got: 2.66 1.36 1.19 1.10 1.65 3.72 2.09 1.68 1.97 2.78 3.84 4.32 1.91 1.82 3.13 2.88 4.03 3.21 1.89 3.09 2.72 2.75 3.35 3.47 3.29 3.03 2.57 1.64 4.03 4.09 2.87 2.68 1.20 2.03 4.01 1.44 0.68 0.94 1.53 3.31

I got: 2.66 1.36 1.19 1.10 1.64 3.72 2.09 1.68 1.96 2.99 3.85 4.32 1.90 1.83 2.73 2.88 4.04 3.21 1.88 2.99 2.72 2.46 3.35 3.46 2.89 3.03 2.60 1.64 4.04 4.10 2.87 2.74 1.20 2.01 4.00 1.45 0.67 0.95 1.53 3.30

I got: 1.07 1.10 1.30 1.70 3.80 2.37 1.08 0.72 1.08 3.87 2.89 4.37 1.88 1.83 3.73 2.76 3.72 3.24 1.96 3.54 2.86 3.05 3.40 3.45 3.63 4.98 2.93 1.55 4.06 5.00 5.00 2.88 1.13 2.00 3.90 1.55 1.25 1.61 2.16 3.99

I got: 1.07 1.11 1.31 1.69 3.79 2.40 1.08 0.72 1.07 3.86 2.89 4.39 1.89 1.82 3.72 2.90 3.69 3.24 1.95 3.55 2.87 3.06 3.41 3.45 3.64 4.98 2.92 1.56 4.08 4.99 4.98 2.93 1.13 2.01 3.89 1.55 1.25 1.59 2.16 3.98

I got: 1.07 1.11 1.31 1.69 3.78 2.39 1.09 0.72 1.08 3.87 2.86 4.38 1.89 1.82 3.73 2.88 3.24 3.23 1.95 3.55 2.87 3.06 3.40 3.44 3.65 4.99 2.92 1.56 4.05 4.99 4.99 2.92 1.13 2.01 3.91 1.55 1.25 1.61 2.15 3.98

I got: 1.07 1.10 1.31 1.69 3.76 2.39 1.08 0.72 1.07 3.87 3.10 4.37 1.89 1.81 3.73 2.90 3.24 3.25 1.94 3.55 2.86 3.06 3.39 3.42 3.64 4.99 2.93 1.56 4.07 5.00 5.00 2.93 1.13 2.01 3.89 1.55 1.26 1.61 2.17 3.99

I got: 1.07 1.10 1.31 1.69 3.78 2.39 1.09 0.71 1.06 3.87 3.01 4.38 1.90 1.82 3.74 2.92 3.07 3.23 1.94 3.56 2.89 3.06 3.40 3.43 3.64 4.99 2.93 1.56 4.06 4.99 4.99 2.92 1.13 2.01 3.91 1.55 1.25 1.59 2.15 3.98

I got: 1.07 1.11 1.31 1.69 3.76 2.40 1.09 0.72 1.05 3.87 3.07 4.38 1.89 1.81 3.74 2.93 2.95 3.24 1.95 3.56 2.89 3.06 3.39 3.43 3.65 4.99 2.93 1.55 4.06 4.99 5.00 2.92 1.13 2.01 3.89 1.54 1.25 1.60 2.16 3.97

I got: 1.07 1.10 1.31 1.69 3.77 2.40 1.09 0.72 1.06 3.87 2.97 4.40 1.90 1.81 3.75 2.90 2.95 3.24 1.94 3.57 2.90 3.06 3.39 3.42 3.65 4.99 2.93 1.56 4.07 5.00 5.00 2.92 1.13 2.01 3.90 1.54 1.25 1.60 2.16 4.00

I got: 1.07 1.10 1.30 1.69 3.76 2.38 1.09 0.72 1.05 3.88 3.19 4.38 1.89 1.80 3.74 2.93 2.67 3.25 1.94 3.56 2.89 3.05 3.40 3.43 3.65 4.99 2.92 1.56 4.07 4.99 5.00 2.93 1.13 2.00 3.89 1.55 1.26 1.60 2.16 3.99

I got: 1.07 1.10 1.31 1.70 3.76 2.39 1.09 0.72 1.05 3.87 3.18 4.37 1.90 1.80 3.74 2.92 2.92 3.26 1.93 3.57 2.91 3.00 3.41 3.40 3.66 4.99 2.73 1.56 4.07 4.99 5.00 2.89 1.13 2.00 3.93 1.54 1.25 1.60 2.15 3.98

I got: 1.06 1.10 1.30 1.70 3.75 2.38 1.09 0.72 1.05 3.87 3.11 4.39 1.90 1.79 3.75 2.93 2.47 3.25 1.92 3.57 2.90 2.91 3.40 3.42 3.66 5.00 2.66 1.56 4.06 5.00 5.00 2.90 1.13 2.01 3.90 1.54 1.25 1.60 2.16 3.99

I got: 1.07 1.10 1.31 1.69 3.75 2.39 1.09 0.72 1.04 3.88 3.18 4.39 1.90 1.79 3.75 2.94 2.46 3.25 1.93 3.56 2.92 2.75 3.40 3.40 3.67 4.99 2.39 1.56 4.06 4.99 5.00 2.64 1.12 2.01 3.91 1.55 1.25 1.60 2.16 3.99

I got: 1.07 1.10 1.31 1.69 3.75 2.40 1.08 0.72 1.04 3.89 3.19 4.39 1.90 1.79 3.76 2.95 2.48 3.25 1.92 3.57 2.90 2.45 3.40 3.40 3.66 4.98 2.31 1.56 4.08 4.99 4.98 2.55 1.13 2.01 3.91 1.54 1.26 1.60 2.16 3.96

I got: 1.07 1.10 1.31 1.70 3.72 2.38 1.09 0.72 1.04 3.88 3.20 4.39 1.89 1.78 3.75 2.93 2.63 3.26 1.93 3.57 2.92 2.33 3.40 3.40 3.67 4.98 2.25 1.56 4.06 4.99 4.99 2.48 1.12 2.01 3.89 1.55 1.26 1.60 2.16 4.00

I got: 1.07 1.10 1.32 1.69 3.75 2.38 1.09 0.71 1.04 3.90 3.17 4.38 1.90 1.79 3.75 2.96 2.46 3.24 1.92 3.58 2.91 2.40 3.39 3.41 3.67 4.99 2.32 1.56 4.05 4.99 4.99 2.26 1.12 2.01 3.91 1.55 1.25 1.60 2.16 3.98

I got: 1.06 1.11 1.31 1.70 3.73 2.40 1.09 0.72 1.03 3.89 3.18 4.38 1.89 1.77 3.76 2.99 2.49 3.26 1.91 3.58 2.93 2.35 3.39 3.41 3.67 4.99 2.22 1.56 4.07 4.94 4.99 2.25 1.12 2.01 3.89 1.54 1.25 1.60 2.16 3.97

I got: 1.06 1.10 1.31 1.70 3.74 2.40 1.09 0.72 1.03 3.89 3.20 4.39 1.90 1.78 3.77 2.97 2.52 3.24 1.91 3.59 2.93 1.95 3.40 3.39 3.67 4.97 1.86 1.56 4.07 4.91 4.94 2.24 1.12 2.01 3.91 1.55 1.25 1.60 2.16 3.99

I got: 1.05 1.63 1.70 1.97 3.78 1.60 1.29 1.23 1.81 4.89 3.24 4.04 1.28 1.06 2.02 3.24 2.32 3.32 1.82 2.27 3.12 1.77 2.17 3.29 2.49 3.25 1.67 0.87 4.15 4.53 3.86 1.84 0.79 2.01 3.91 3.62 0.95 1.61 2.12 3.88

I got: 1.04 1.62 1.70 1.97 3.77 1.60 1.29 1.22 1.79 4.87 3.24 4.03 1.27 1.06 2.04 3.24 2.31 3.34 1.83 2.53 3.11 1.74 2.17 3.30 2.58 3.24 1.69 0.86 4.11 4.55 3.83 1.84 0.80 2.01 3.89 3.61 0.94 1.61 2.13 3.85

I got: 1.06 1.62 1.69 1.97 3.77 1.53 1.28 1.22 1.79 4.86 3.25 4.04 1.27 1.05 2.22 3.24 2.31 3.33 1.83 2.28 3.13 1.75 2.17 3.29 2.67 3.24 1.68 0.86 4.12 4.56 3.84 1.83 0.80 2.02 3.90 3.60 0.94 1.60 2.12 3.88

I got: 1.06 1.62 1.70 1.97 3.78 1.55 1.28 1.23 1.80 4.89 3.24 4.02 1.27 1.06 2.03 3.25 2.31 3.33 1.83 2.45 3.11 1.76 2.18 3.29 2.60 3.24 1.68 0.86 4.13 4.53 3.84 1.84 0.79 2.02 3.89 3.60 0.95 1.61 2.12 3.84

I got: 1.05 1.62 1.69 1.97 3.76 1.53 1.28 1.22 1.79 4.88 3.23 4.03 1.28 1.05 2.17 3.25 2.30 3.33 1.82 2.43 3.11 1.75 2.17 3.28 2.43 3.24 1.68 0.86 4.11 4.53 3.84 1.85 0.80 2.01 3.90 3.60 0.95 1.61 2.13 3.87

I got: 1.04 1.62 1.70 1.96 3.76 1.55 1.28 1.23 1.80 4.90 3.24 4.04 1.28 1.05 2.04 3.24 2.32 3.35 1.83 2.28 3.11 1.75 2.18 3.29 2.50 3.23 1.68 0.87 4.12 4.55 3.84 1.83 0.79 2.02 3.89 3.62 0.94 1.61 2.13 3.86

I got: 1.05 1.63 1.70 1.97 3.76 1.53 1.28 1.22 1.79 4.87 3.24 4.04 1.28 1.05 2.05 3.23 2.32 3.33 1.83 2.31 3.11 1.77 2.17 3.28 2.41 3.23 1.68 0.86 4.12 4.54 3.85 1.83 0.80 2.00 3.89 3.61 0.95 1.60 2.13 3.88

I got: 1.06 1.63 1.70 1.97 3.77 1.53 1.28 1.23 1.79 4.91 3.24 4.04 1.28 1.06 2.04 3.23 2.30 3.34 1.83 2.31 3.11 1.76 2.17 3.29 2.42 3.24 1.68 0.87 4.13 4.54 3.86 1.83 0.79 2.01 3.89 3.60 0.95 1.61 2.12 3.85

I got: 1.04 1.63 1.70 1.96 3.77 1.54 1.28 1.23 1.80 4.90 3.23 4.03 1.27 1.05 2.18 3.24 2.32 3.34 1.83 2.44 3.11 1.77 2.17 3.27 2.43 3.24 1.69 0.86 4.12 4.53 3.84 1.84 0.79 2.01 3.90 3.61 0.96 1.61 2.13 3.87

I got: 1.06 1.62 1.71 1.96 3.76 1.55 1.28 1.22 1.79 4.88 3.24 4.04 1.28 1.05 2.04 3.23 2.30 3.34 1.82 2.28 3.11 1.77 2.18 3.28 2.42 3.24 1.68 0.86 4.18 4.55 3.84 1.84 0.79 2.01 3.89 3.61 0.95 1.61 2.13 3.86

I got: 1.06 1.63 1.70 1.96 3.77 1.55 1.29 1.23 1.79 4.88 3.25 4.02 1.28 1.05 2.15 3.25 2.31 3.33 1.82 2.44 3.11 1.77 2.17 3.27 2.42 3.23 1.68 0.86 4.14 4.55 3.85 1.83 0.80 2.01 3.89 3.60 0.95 1.60 2.12 3.86

I got: 1.06 1.62 1.70 1.96 3.76 1.53 1.28 1.23 1.79 4.87 3.23 4.01 1.28 1.05 2.05 3.25 2.30 3.34 1.82 2.32 3.11 1.77 2.17 3.27 2.55 3.23 1.70 0.87 4.14 4.55 3.85 1.83 0.80 2.01 3.89 3.60 0.95 1.61 2.13 3.86

I got: 1.06 1.62 1.70 1.97 3.77 1.52 1.29 1.22 1.79 4.88 3.24 4.03 1.27 1.05 2.24 3.24 2.31 3.33 1.82 2.49 3.12 1.76 2.17 3.26 2.65 3.23 1.68 0.86 4.12 4.54 3.85 1.83 0.79 2.01 3.89 3.61 0.95 1.60 2.13 3.87

I got: 1.06 1.62 1.70 1.96 3.77 1.54 1.28 1.22 1.79 4.87 3.22 4.04 1.28 1.06 2.06 3.24 2.33 3.33 1.83 2.30 3.12 1.77 2.17 3.27 2.43 3.23 1.69 0.87 4.20 4.56 3.83 1.85 0.79 2.01 3.89 3.61 0.94 1.61 2.12 3.86

I got: 1.06 1.63 1.70 1.97 3.75 1.52 1.29 1.22 1.78 4.88 3.25 4.01 1.27 1.05 2.11 3.24 2.29 3.35 1.82 2.32 3.12 1.75 2.17 3.28 2.41 3.23 1.68 0.87 4.15 4.54 3.85 1.84 0.79 2.01 3.89 3.60 0.95 1.60 2.13 3.85

I got: 1.05 1.63 1.70 1.97 3.75 1.53 1.28 1.23 1.79 4.87 3.22 4.04 1.28 1.05 2.06 3.24 2.31 3.33 1.82 2.27 3.11 1.76 2.18 3.27 2.43 3.23 1.68 0.86 4.15 4.53 3.86 1.83 0.79 2.00 3.89 3.61 0.95 1.60 2.12 3.84

I got: 1.05 1.63 1.70 1.97 3.75 1.55 1.28 1.22 1.78 4.89 3.24 3.99 1.28 1.05 2.05 3.24 2.32 3.34 1.82 2.29 3.11 1.75 2.18 3.26 2.42 3.24 1.68 0.86 4.13 4.55 3.83 1.83 0.79 2.01 3.89 3.60 0.95 1.61 2.13 3.85

I got: 1.05 1.62 1.70 1.97 3.75 1.60 1.28 1.23 1.79 4.90 3.24 4.04 1.28 1.05 2.07 3.24 2.32 3.34 1.82 2.31 3.11 1.78 2.18 3.27 2.63 3.24 1.68 0.87 4.16 4.55 3.86 1.85 0.79 2.01 3.90 3.61 0.95 1.61 2.13 3.85

I got: 1.05 1.63 1.70 1.97 3.77 1.53 1.28 1.22 1.79 4.89 3.24 4.03 1.28 1.05 2.18 3.24 2.31 3.34 1.82 2.41 3.11 1.77 2.17 3.27 2.59 3.23 1.69 0.86 4.17 4.55 3.85 1.85 0.79 2.00 3.90 3.60 0.94 1.60 2.13 3.85

I got: 1.05 1.62 1.70 1.96 3.75 1.54 1.28 1.22 1.78 4.91 3.24 4.04 1.28 1.04 2.05 3.24 2.30 3.33 1.82 2.29 3.11 1.76 2.17 3.27 2.53 3.23 1.69 0.86 4.14 4.55 3.86 1.83 0.79 2.00 3.89 3.61 0.95 1.60 2.12 3.87

I got: 1.05 1.62 1.70 1.96 3.75 1.55 1.29 1.22 1.79 4.87 3.24 4.03 1.28 1.05 2.07 3.24 2.32 3.34 1.82 2.42 3.12 1.76 2.17 3.26 2.49 3.24 1.68 0.87 4.13 4.53 3.85 1.85 0.79 2.00 3.90 3.60 0.95 1.61 2.13 3.85

I got: 1.06 1.63 1.70 1.96 3.75 1.53 1.29 1.22 1.79 4.88 3.24 3.98 1.28 1.05 2.24 3.25 2.30 3.34 1.82 2.30 3.11 1.76 2.18 3.27 2.43 3.24 1.68 0.86 4.21 4.54 3.84 1.83 0.79 2.01 3.89 3.61 0.95 1.60 2.12 3.85

I got: 2.51 0.96 1.68 1.93 3.73 1.49 1.90 1.67 2.20 5.00 4.06 3.22 1.04 1.24 3.70 2.89 2.16 2.87 1.42 3.37 3.07 2.94 1.43 3.45 3.71 3.51 3.13 1.09 2.93 4.42 3.87 3.44 0.91 1.21 3.96 3.99 1.13 0.99 2.16 3.86

I got: 2.50 0.96 1.67 1.92 3.73 1.50 1.89 1.67 2.20 5.00 4.06 3.22 1.04 1.23 3.70 2.88 2.19 2.89 1.41 3.37 3.08 3.05 1.42 3.44 3.71 3.42 2.88 1.10 2.91 4.40 3.86 3.43 0.90 1.22 3.98 4.00 1.13 0.99 2.15 3.86

I got: 2.50 0.96 1.68 1.93 3.71 1.56 1.89 1.67 2.20 5.00 4.07 3.22 1.04 1.23 3.70 2.89 2.26 2.88 1.41 3.37 3.08 2.89 1.44 3.45 3.71 3.43 2.90 1.10 2.91 4.43 3.86 3.31 0.91 1.21 3.98 4.00 1.13 0.98 2.16 3.87

I got: 2.50 0.96 1.68 1.92 3.71 1.57 1.89 1.67 2.19 5.00 4.05 3.22 1.04 1.23 3.70 2.88 2.15 2.88 1.40 3.37 3.08 2.98 1.44 3.44 3.71 3.39 3.02 1.09 2.91 4.44 3.83 3.04 0.91 1.21 3.97 4.00 1.13 0.98 2.16 3.86

I got: 2.51 0.96 1.68 1.93 3.72 1.64 1.89 1.67 2.20 4.99 4.08 3.23 1.04 1.22 3.70 2.88 2.15 2.87 1.41 3.37 3.09 2.84 1.44 3.45 3.72 3.40 2.80 1.10 2.91 4.45 3.84 3.26 0.91 1.22 3.97 3.99 1.13 0.98 2.15 3.87

I got: 2.50 0.96 1.68 1.93 3.71 1.34 1.89 1.68 2.19 4.99 4.12 3.22 1.04 1.23 3.71 2.88 2.15 2.87 1.41 3.36 3.08 3.03 1.44 3.45 3.72 3.36 3.04 1.10 2.91 4.44 3.84 3.21 0.90 1.22 3.97 4.00 1.13 0.98 2.15 3.86

I got: 2.51 0.96 1.68 1.93 3.72 1.29 1.89 1.68 2.18 4.99 4.11 3.22 1.04 1.22 3.70 2.89 2.25 2.88 1.40 3.37 3.08 2.83 1.44 3.44 3.72 3.38 2.73 1.09 2.93 4.46 3.83 2.98 0.90 1.21 3.98 4.00 1.13 0.98 2.16 3.87

I got: 2.51 0.96 1.67 1.92 3.72 1.66 1.90 1.68 2.19 5.00 4.07 3.22 1.04 1.22 3.69 2.88 2.17 2.87 1.40 3.38 3.09 2.76 1.44 3.45 3.69 3.34 2.93 1.10 2.92 4.44 3.82 3.22 0.91 1.21 3.97 4.00 1.13 0.99 2.15 3.85

I got: 2.51 0.96 1.68 1.93 3.71 1.64 1.89 1.67 2.19 5.00 4.06 3.22 1.04 1.22 3.71 2.89 2.16 2.88 1.40 3.37 3.08 3.09 1.45 3.44 3.73 3.32 2.60 1.10 2.91 4.45 3.82 2.90 0.90 1.21 3.99 4.00 1.13 0.98 2.15 3.86

I got: 2.50 0.96 1.68 1.92 3.71 1.71 1.89 1.67 2.19 4.98 4.07 3.22 1.04 1.22 3.67 2.89 2.23 2.88 1.40 3.37 3.09 3.13 1.43 3.44 3.59 3.34 2.64 1.09 2.98 4.48 3.81 3.29 0.91 1.22 3.97 4.00 1.14 0.98 2.15 3.86

I got: 2.50 0.97 1.67 1.93 3.71 1.66 1.89 1.67 2.18 4.99 4.07 3.22 1.04 1.22 3.71 2.89 2.20 2.88 1.39 3.12 3.08 3.06 1.43 3.43 3.69 3.30 2.99 1.10 2.92 4.47 3.81 2.90 0.90 1.21 3.99 4.00 1.13 0.99 2.15 3.86

I got: 2.51 0.96 1.68 1.93 3.71 1.75 1.89 1.67 2.18 4.98 4.07 3.22 1.04 1.22 3.67 2.89 2.21 2.88 1.40 3.38 3.08 3.03 1.43 3.43 3.58 3.31 2.69 1.10 2.97 4.46 3.81 2.98 0.90 1.21 3.98 4.00 1.13 0.99 2.15 3.87

I got: 2.50 0.96 1.68 1.92 3.70 1.64 1.89 1.67 2.18 4.98 4.06 3.23 1.04 1.22 3.66 2.89 2.16 2.87 1.39 3.06 3.08 2.67 1.43 3.43 3.73 3.32 2.57 1.09 2.94 4.47 3.80 3.00 0.90 1.21 3.98 3.99 1.13 0.98 2.14 3.87

I got: 2.50 0.96 1.67 1.93 3.70 1.65 1.89 1.68 2.18 4.99 4.07 3.22 1.04 1.21 3.47 2.88 2.17 2.88 1.39 3.23 3.08 2.77 1.43 3.43 3.66 3.30 2.79 1.09 2.92 4.47 3.80 3.20 0.90 1.21 3.97 4.00 1.13 0.98 2.16 3.87

I got: 2.51 0.95 1.68 1.93 3.71 1.78 1.89 1.67 2.18 4.99 4.07 3.22 1.04 1.21 3.57 2.88 2.16 2.88 1.39 3.06 3.09 2.71 1.44 3.43 3.49 3.29 2.74 1.09 2.91 4.50 3.80 2.98 0.91 1.21 3.97 4.00 1.13 0.99 2.15 3.86

I got: 2.51 0.96 1.67 1.92 3.69 1.70 1.89 1.67 2.18 4.97 4.12 3.22 1.04 1.21 3.67 2.89 2.15 2.88 1.39 3.06 3.09 3.01 1.44 3.44 3.43 3.29 2.96 1.10 2.91 4.48 3.79 2.82 0.90 1.21 3.97 4.00 1.13 0.98 2.15 3.85

I got: 2.50 0.96 1.68 1.93 3.70 1.65 1.89 1.67 2.18 5.00 4.09 3.23 1.04 1.21 3.57 2.88 2.18 2.87 1.39 3.10 3.09 2.97 1.43 3.43 3.47 3.28 2.76 1.10 2.91 4.48 3.80 2.77 0.91 1.21 3.98 4.00 1.13 0.98 2.15 3.86

I got: 2.51 0.95 1.69 1.92 3.70 1.66 1.89 1.67 2.18 4.98 4.06 3.23 1.04 1.21 3.67 2.88 2.15 2.88 1.39 2.96 3.09 2.67 1.43 3.43 3.37 3.27 2.57 1.09 3.05 4.47 3.79 2.80 0.91 1.20 3.97 4.00 1.13 0.98 2.15 3.85

I got: 2.51 0.96 1.68 1.92 3.69 1.94 1.89 1.67 2.18 4.98 4.08 3.23 1.04 1.21 3.26 2.90 2.16 2.88 1.38 2.79 3.09 2.98 1.44 3.43 3.27 3.27 2.76 1.09 2.95 4.48 3.79 2.96 0.91 1.20 3.97 4.00 1.13 0.98 2.15 3.85

I got: 2.51 0.95 1.68 1.93 3.70 1.88 1.89 1.67 2.17 4.97 4.10 3.22 1.04 1.20 3.33 2.88 2.19 2.88 1.38 3.14 3.09 2.70 1.44 3.43 3.34 3.27 2.78 1.09 3.06 4.48 3.79 2.75 0.91 1.21 3.98 3.99 1.13 0.98 2.14 3.86

I got: 2.51 0.96 1.68 1.92 3.69 1.65 1.90 1.67 2.17 5.00 4.10 3.22 1.04 1.21 3.59 2.88 2.17 2.87 1.38 2.82 3.09 2.77 1.45 3.42 3.56 3.27 2.57 1.09 2.91 4.49 3.79 2.84 0.91 1.20 3.99 4.00 1.13 0.98 2.14 3.87

I got: 3.07 1.70 0.92 1.94 3.73 3.64 1.00 1.65 2.17 5.00 4.07 3.12 1.74 1.77 3.95 3.09 3.93 1.39 1.18 3.37 2.74 3.11 1.15 2.78 3.39 3.56 3.48 1.62 3.67 4.43 3.91 3.55 1.27 2.00 2.57 3.88 1.62 1.50 1.23 3.95

I got: 3.05 1.70 0.92 1.93 3.71 3.66 1.00 1.65 2.16 5.00 4.18 3.12 1.74 1.77 3.96 3.10 4.17 1.39 1.18 3.37 2.74 2.98 1.14 2.78 3.40 3.50 3.43 1.62 3.67 4.49 3.84 3.44 1.27 2.21 2.59 3.88 1.61 1.51 1.23 3.95

I got: 3.07 1.70 0.92 1.93 3.71 3.66 0.99 1.64 2.15 5.00 4.18 3.12 1.75 1.77 3.96 3.11 3.93 1.39 1.18 3.37 2.74 2.80 1.15 2.78 3.41 3.40 3.18 1.62 3.67 4.51 3.84 3.29 1.27 2.04 2.58 3.89 1.61 1.52 1.23 3.94

I got: 3.06 1.70 0.92 1.93 3.71 3.79 1.00 1.64 2.15 5.00 4.19 3.12 1.74 1.77 3.95 3.10 3.92 1.39 1.17 3.37 2.74 2.69 1.15 2.78 3.41 3.43 3.18 1.62 3.67 4.48 3.85 3.27 1.27 2.05 2.58 3.87 1.62 1.56 1.23 3.94

I got: 3.07 1.70 0.92 1.93 3.73 3.66 0.99 1.65 2.15 5.00 4.19 3.12 1.74 1.76 3.95 3.09 4.02 1.39 1.17 3.38 2.74 2.61 1.15 2.78 3.40 3.41 3.10 1.62 3.67 4.52 3.84 3.55 1.27 2.22 2.58 3.88 1.62 1.53 1.22 3.94

I got: 3.07 1.72 0.91 1.92 3.71 3.66 1.00 1.65 2.14 5.00 4.20 3.12 1.74 1.76 3.96 3.10 3.93 1.39 1.17 3.37 2.75 2.55 1.15 2.77 3.40 3.40 3.23 1.62 3.67 4.48 3.84 3.46 1.27 2.04 2.57 3.87 1.61 1.52 1.23 3.95

I got: 3.06 1.69 0.92 1.93 3.72 3.65 1.00 1.65 2.15 5.00 4.19 3.12 1.75 1.76 3.96 3.11 3.91 1.39 1.17 3.37 2.74 2.49 1.14 2.77 3.41 3.37 3.10 1.61 3.67 4.49 3.80 3.25 1.27 2.23 2.58 3.88 1.61 1.51 1.22 3.95

I got: 3.06 1.70 0.92 1.93 3.72 3.81 1.00 1.65 2.14 5.00 4.19 3.12 1.75 1.75 3.97 3.11 3.97 1.39 1.17 3.38 2.75 2.46 1.14 2.77 3.41 3.36 2.88 1.62 3.65 4.54 3.83 3.46 1.27 2.31 2.57 3.88 1.61 1.52 1.22 3.94

I got: 3.06 1.69 0.93 1.93 3.70 3.81 1.00 1.64 2.15 5.00 4.19 3.12 1.74 1.75 3.97 3.10 4.00 1.39 1.16 3.37 2.75 2.64 1.14 2.77 3.41 3.34 3.11 1.62 3.66 4.52 3.81 3.24 1.27 2.39 2.58 3.87 1.61 1.52 1.23 3.95

I got: 3.07 1.70 0.91 1.93 3.70 3.81 1.00 1.64 2.14 5.00 4.18 3.13 1.74 1.75 3.97 3.11 4.01 1.39 1.16 3.38 2.74 2.61 1.14 2.77 3.41 3.31 3.18 1.62 3.67 4.55 3.80 3.18 1.27 2.10 2.57 3.87 1.61 1.52 1.23 3.94

I got: 3.05 1.70 0.93 1.93 3.71 3.85 1.00 1.65 2.13 5.00 4.20 3.12 1.75 1.75 3.96 3.10 4.01 1.39 1.16 3.38 2.75 2.53 1.14 2.76 3.41 3.32 2.88 1.63 3.67 4.56 3.81 3.00 1.27 2.37 2.58 3.87 1.61 1.51 1.22 3.94

I got: 3.07 1.70 0.92 1.92 3.70 3.81 1.00 1.64 2.14 5.00 4.18 3.12 1.74 1.75 3.97 3.09 3.91 1.39 1.16 3.38 2.75 2.32 1.13 2.76 3.41 3.30 3.13 1.63 3.68 4.55 3.78 3.22 1.27 2.36 2.57 3.87 1.61 1.53 1.22 3.94

I got: 3.06 1.69 0.92 1.93 3.70 3.81 1.01 1.65 2.13 5.00 4.20 3.12 1.74 1.74 3.97 3.11 3.94 1.39 1.16 3.38 2.75 2.20 1.14 2.75 3.41 3.30 3.11 1.62 3.66 4.56 3.80 3.25 1.27 2.47 2.58 3.87 1.61 1.52 1.23 3.94

I got: 3.07 1.71 0.92 1.93 3.70 3.67 1.00 1.65 2.13 5.00 4.19 3.12 1.74 1.75 3.96 3.12 3.92 1.39 1.15 3.38 2.74 2.54 1.14 2.76 3.42 3.30 2.70 1.62 3.67 4.57 3.81 2.95 1.27 2.57 2.57 3.88 1.61 1.50 1.23 3.93

I got: 3.07 1.71 0.92 1.93 3.69 3.81 1.00 1.65 2.12 5.00 4.19 3.12 1.74 1.74 3.97 3.10 3.90 1.39 1.16 3.38 2.75 2.16 1.14 2.76 3.42 3.28 2.86 1.62 3.66 4.57 3.78 3.04 1.27 2.45 2.58 3.87 1.61 1.68 1.22 3.94

I got: 3.06 1.70 0.92 1.93 3.68 3.67 1.00 1.64 2.13 4.99 4.20 3.12 1.74 1.74 3.97 3.11 3.99 1.39 1.15 3.38 2.74 2.16 1.14 2.75 3.42 3.27 2.66 1.61 3.67 4.55 3.79 2.91 1.27 2.49 2.58 3.88 1.61 1.50 1.23 3.93

I got: 3.06 1.70 0.91 1.93 3.68 3.80 1.00 1.65 2.12 4.98 4.19 3.12 1.74 1.73 3.98 3.10 3.90 1.39 1.15 3.39 2.74 2.07 1.15 2.75 3.42 3.29 2.79 1.63 3.67 4.57 3.78 2.87 1.27 2.51 2.57 3.88 1.61 1.51 1.23 3.94

I got: 3.06 1.69 0.92 1.93 3.69 3.67 1.01 1.65 2.12 4.99 4.20 3.12 1.74 1.73 3.96 3.12 3.94 1.39 1.15 3.38 2.75 2.35 1.15 2.76 3.42 3.27 2.57 1.62 3.67 4.58 3.79 2.88 1.26 2.67 2.58 3.89 1.61 1.53 1.22 3.95

I got: 3.06 1.70 0.91 1.93 3.69 3.81 1.00 1.65 2.12 4.99 4.19 3.12 1.75 1.74 3.97 3.10 3.90 1.39 1.15 3.31 2.75 2.30 1.14 2.74 3.42 3.26 2.94 1.61 3.66 4.59 3.78 2.80 1.27 2.38 2.57 3.87 1.61 1.70 1.23 3.93

I got: 3.05 1.70 0.92 1.93 3.69 3.81 1.00 1.64 2.12 5.00 4.22 3.12 1.74 1.73 3.97 3.11 3.90 1.38 1.15 3.39 2.74 2.22 1.14 2.75 3.27 3.28 2.64 1.62 3.66 4.57 3.78 2.77 1.27 2.61 2.57 3.87 1.61 1.54 1.22 3.93

I got: 3.06 1.69 0.92 1.92 3.68 3.93 1.00 1.64 2.12 4.98 4.22 3.13 1.74 1.73 3.96 3.12 3.94 1.39 1.15 3.38 2.75 2.27 1.15 2.74 3.41 3.27 2.85 1.62 3.67 4.57 3.77 2.81 1.26 2.69 2.58 3.88 1.61 1.52 1.23 3.93

I got: 3.06 1.70 0.92 1.93 3.68 3.81 1.00 1.64 2.11 4.97 4.25 3.12 1.74 1.73 3.97 3.11 3.92 1.39 1.15 3.14 2.75 2.29 1.14 2.74 3.43 3.25 2.57 1.63 3.66 4.57 3.80 3.04 1.27 2.45 2.58 3.87 1.61 1.81 1.23 3.94

I got: 3.06 1.69 0.92 1.92 3.68 3.68 1.00 1.65 2.11 5.00 4.19 3.12 1.74 1.73 3.97 3.12 3.95 1.39 1.14 3.25 2.75 2.29 1.15 2.74 3.15 3.25 2.73 1.62 3.67 4.61 3.77 2.96 1.26 2.73 2.58 3.87 1.61 1.86 1.22 3.93

I got: 3.07 1.70 0.92 1.93 3.68 3.81 1.00 1.64 2.12 4.98 4.20 3.12 1.75 1.73 3.97 3.10 3.92 1.40 1.14 3.37 2.75 2.09 1.14 2.74 3.35 3.24 2.55 1.62 3.67 4.57 3.79 2.69 1.27 2.70 2.58 3.87 1.61 1.85 1.23 3.92

I got: 3.06 1.69 0.92 1.92 3.66 3.96 1.00 1.64 2.11 5.00 4.25 3.12 1.75 1.73 3.98 3.12 3.91 1.39 1.14 3.33 2.75 2.04 1.15 2.74 3.41 3.24 2.61 1.62 3.66 4.60 3.78 3.05 1.27 2.69 2.58 3.87 1.61 1.86 1.22 3.94

I got: 3.07 1.70 0.92 1.92 3.67 3.96 1.00 1.64 2.11 4.99 4.22 3.12 1.74 1.72 3.77 3.11 3.92 1.38 1.14 3.21 2.75 2.11 1.14 2.73 3.31 3.25 2.79 1.62 3.68 4.59 3.77 2.88 1.27 2.68 2.57 3.87 1.61 1.87 1.23 3.94

I got: 3.07 1.74 0.92 1.92 3.68 3.95 1.00 1.64 2.10 4.98 4.22 3.12 1.74 1.72 3.97 3.12 3.91 1.40 1.14 3.15 2.75 2.16 1.14 2.73 3.12 3.25 2.49 1.62 3.67 4.59 3.77 2.99 1.26 2.91 2.58 3.87 1.61 1.99 1.23 3.92

I got: 3.07 1.73 0.92 1.92 3.67 3.96 1.00 1.64 2.10 4.97 4.20 3.12 1.74 1.72 3.67 3.12 3.92 1.39 1.14 3.27 2.75 1.82 1.14 2.73 3.27 3.25 2.75 1.62 3.66 4.58 3.79 2.64 1.27 2.81 2.57 3.87 1.61 1.90 1.22 3.94

I got: 3.06 1.70 0.92 1.92 3.66 3.83 1.00 1.65 2.11 4.97 4.20 3.12 1.74 1.72 3.69 3.12 3.92 1.39 1.14 2.93 2.75 1.93 1.14 2.74 2.98 3.24 2.48 1.63 3.67 4.59 3.78 2.64 1.27 2.71 2.57 3.87 1.61 2.02 1.22 3.93

I got: 3.06 1.74 0.92 1.92 3.66 3.96 1.00 1.64 2.11 4.99 4.18 3.12 1.74 1.72 3.75 3.11 3.90 1.39 1.14 2.94 2.75 2.16 1.14 2.73 2.98 3.24 2.76 1.62 3.66 4.58 3.78 2.96 1.27 2.82 2.58 3.86 1.61 1.85 1.23 3.93

I got: 3.06 1.69 0.91 1.93 3.66 3.81 1.00 1.64 2.11 4.98 4.20 3.12 1.74 1.71 3.57 3.11 3.90 1.39 1.14 3.02 2.75 2.06 1.14 2.73 2.90 3.23 2.64 1.63 3.67 4.61 3.77 2.91 1.26 2.98 2.57 3.86 1.61 1.87 1.23 3.94

I got: 3.07 1.72 0.93 1.93 3.67 3.96 0.99 1.65 2.09 5.00 4.19 3.12 1.74 1.71 3.73 3.11 3.91 1.40 1.13 2.81 2.75 1.76 1.15 2.74 3.08 3.23 2.55 1.62 3.67 4.62 3.77 2.65 1.27 2.92 2.58 3.87 1.61 1.85 1.22 3.91

I got: 3.06 1.70 0.93 1.92 3.67 3.81 1.00 1.64 2.10 4.99 4.25 3.12 1.74 1.71 3.55 3.12 3.89 1.39 1.14 2.91 2.75 2.05 1.14 2.73 2.93 3.23 2.31 1.63 3.66 4.57 3.77 2.72 1.27 3.03 2.57 3.87 1.61 2.09 1.22 3.93

I got: 3.01 1.86 1.33 1.24 3.78 4.06 1.58 1.01 2.11 4.99 4.16 4.01 1.00 1.66 3.96 3.21 4.10 1.12 1.56 3.59 2.76 1.99 2.85 1.14 3.18 3.09 1.89 0.74 3.46 4.24 3.82 2.69 1.22 2.96 1.77 3.91 1.58 2.01 1.40 3.01

I got: 2.98 1.86 1.33 1.24 3.77 4.16 1.57 1.00 2.12 5.00 4.22 4.01 0.99 1.66 3.97 3.22 4.08 1.11 1.55 3.57 2.76 2.14 2.84 1.14 3.17 3.07 1.97 0.74 3.46 4.26 3.85 2.92 1.21 2.81 1.76 3.91 1.59 2.05 1.39 3.02

I got: 2.99 1.85 1.33 1.24 3.77 3.93 1.57 1.01 2.12 4.99 4.20 4.01 1.00 1.66 3.96 3.21 4.09 1.11 1.55 3.59 2.76 2.27 2.85 1.13 3.18 3.07 2.22 0.75 3.46 4.26 3.83 2.61 1.22 2.82 1.78 3.91 1.59 2.01 1.38 3.02

I got: 3.00 1.91 1.33 1.24 3.77 3.94 1.58 1.01 2.11 5.00 4.19 4.01 1.00 1.65 3.77 3.22 4.10 1.12 1.56 3.47 2.76 2.00 2.84 1.13 3.15 3.06 2.12 0.74 3.45 4.27 3.83 2.97 1.22 2.81 1.77 3.90 1.59 2.00 1.39 3.02

I got: 2.99 1.85 1.32 1.24 3.78 3.98 1.57 1.00 2.11 4.99 4.22 4.02 1.00 1.66 3.97 3.21 4.10 1.12 1.54 3.59 2.76 2.27 2.85 1.13 3.15 3.08 2.16 0.74 3.45 4.28 3.83 2.61 1.22 2.94 1.78 3.91 1.59 2.02 1.39 3.01

I got: 2.99 1.91 1.33 1.25 3.77 4.05 1.57 1.00 2.11 4.99 4.20 4.01 1.00 1.65 3.78 3.22 4.09 1.12 1.55 3.58 2.76 2.21 2.85 1.13 3.18 3.07 2.05 0.74 3.46 4.26 3.83 2.59 1.21 2.94 1.77 3.90 1.59 2.04 1.39 3.03

I got: 3.00 1.86 1.32 1.23 3.74 4.05 1.58 1.01 2.11 4.98 4.21 4.01 1.00 1.66 3.75 3.23 4.13 1.12 1.55 3.30 2.76 2.27 2.84 1.13 3.17 3.05 2.13 0.75 3.46 4.30 3.84 2.87 1.22 2.80 1.78 3.91 1.58 2.15 1.38 3.01

I got: 2.99 1.91 1.32 1.24 3.77 4.04 1.57 1.00 2.10 4.98 4.22 4.02 0.99 1.65 3.97 3.21 4.09 1.11 1.55 3.33 2.77 2.09 2.85 1.13 3.09 3.07 1.86 0.74 3.45 4.26 3.83 2.81 1.21 2.90 1.76 3.89 1.58 2.10 1.38 3.02

I got: 3.00 1.92 1.34 1.23 3.76 4.16 1.56 1.01 2.11 5.00 4.22 4.01 1.00 1.65 3.83 3.22 4.11 1.12 1.54 3.27 2.76 1.99 2.85 1.13 3.12 3.05 1.74 0.74 3.46 4.31 3.84 2.49 1.22 2.82 1.76 3.91 1.58 2.15 1.38 3.01

I got: 3.00 1.86 1.33 1.24 3.75 4.15 1.57 1.00 2.10 4.99 4.18 4.01 1.00 1.64 3.77 3.22 4.07 1.11 1.55 3.35 2.76 2.02 2.83 1.12 2.89 3.05 1.76 0.75 3.45 4.30 3.83 2.85 1.21 2.84 1.78 3.90 1.58 2.00 1.39 3.02

I got: 3.00 1.88 1.32 1.24 3.76 4.17 1.57 1.00 2.10 5.00 4.21 4.02 0.99 1.65 3.64 3.22 4.10 1.12 1.54 3.39 2.77 2.16 2.85 1.12 3.10 3.05 2.03 0.75 3.45 4.33 3.84 2.44 1.22 3.01 1.78 3.91 1.58 2.32 1.39 3.01

I got: 2.99 1.86 1.33 1.24 3.76 4.18 1.58 1.00 2.10 4.97 4.21 4.02 1.00 1.65 3.97 3.22 4.09 1.11 1.54 3.17 2.76 1.97 2.85 1.12 2.83 3.04 2.02 0.74 3.45 4.30 3.85 2.46 1.21 2.91 1.77 3.90 1.58 2.07 1.38 3.02

I got: 3.00 1.89 1.34 1.24 3.75 3.93 1.58 1.01 2.10 4.98 4.19 4.01 0.99 1.65 3.93 3.21 4.11 1.11 1.54 3.35 2.76 1.97 2.84 1.12 2.82 3.03 1.84 0.74 3.45 4.34 3.82 2.67 1.22 3.18 1.78 3.90 1.58 2.15 1.37 3.01

I got: 3.00 1.86 1.33 1.24 3.74 4.07 1.57 1.00 2.11 4.99 4.21 4.02 1.00 1.64 3.55 3.22 4.11 1.11 1.54 3.48 2.77 2.13 2.84 1.11 2.86 3.03 2.05 0.74 3.46 4.32 3.83 2.40 1.21 2.94 1.78 3.90 1.58 2.07 1.39 3.02

I got: 3.00 1.86 1.33 1.24 3.75 4.15 1.57 1.01 2.10 4.99 4.22 4.02 1.00 1.65 3.76 3.22 4.10 1.12 1.54 3.45 2.76 1.95 2.85 1.12 3.02 3.02 1.78 0.75 3.45 4.33 3.83 2.74 1.22 2.92 1.77 3.90 1.58 2.30 1.37 3.00

I got: 3.01 1.88 1.34 1.24 3.75 3.96 1.57 1.00 2.09 4.99 4.21 4.02 1.00 1.65 3.56 3.22 4.11 1.11 1.54 3.29 2.76 1.77 2.85 1.12 2.73 3.03 1.75 0.74 3.46 4.31 3.83 2.40 1.22 3.05 1.77 3.90 1.58 2.32 1.38 3.02

I got: 2.98 1.88 1.32 1.24 3.75 4.16 1.58 1.01 2.10 4.98 4.20 4.01 1.00 1.65 3.62 3.23 4.10 1.11 1.53 3.10 2.76 1.83 2.85 1.12 2.68 3.01 1.99 0.75 3.45 4.34 3.83 2.44 1.21 3.10 1.77 3.90 1.58 2.06 1.38 3.00

I got: 3.00 1.86 1.33 1.24 3.73 4.04 1.57 1.01 2.10 4.97 4.22 4.02 1.00 1.64 3.56 3.23 4.09 1.10 1.53 3.42 2.76 1.95 2.85 1.12 2.77 3.03 1.72 0.75 3.45 4.32 3.81 2.73 1.22 3.11 1.79 3.90 1.58 2.09 1.38 3.02

I got: 3.00 1.85 1.33 1.24 3.74 4.16 1.58 1.01 2.09 4.97 4.19 4.01 1.00 1.65 3.78 3.22 4.11 1.12 1.53 3.02 2.76 1.92 2.83 1.12 2.93 3.03 1.96 0.75 3.45 4.36 3.83 2.40 1.22 3.11 1.77 3.91 1.59 2.41 1.39 2.99

I got: 2.99 1.86 1.33 1.24 3.72 4.01 1.57 1.01 2.09 4.97 4.20 4.02 1.00 1.63 3.56 3.22 4.09 1.11 1.54 3.02 2.77 2.14 2.85 1.12 2.59 3.00 1.95 0.73 3.45 4.34 3.82 2.54 1.21 3.12 1.78 3.95 1.57 2.31 1.38 3.01

I got: 2.98 1.95 1.34 1.25 3.83 4.18 1.58 1.03 2.13 4.98 4.21 4.01 1.00 1.64 3.55 3.24 4.19 1.10 1.51 3.02 2.76 1.76 2.85 1.11 2.64 3.01 1.96 0.72 3.43 4.35 3.81 2.38 1.21 3.10 1.77 3.95 1.58 2.34 1.38 2.97

I got: 3.00 1.87 1.35 1.26 3.80 4.07 1.59 1.01 2.11 4.96 4.21 4.02 1.00 1.61 3.73 3.22 4.17 1.10 1.52 2.93 2.77 1.91 2.85 1.11 2.79 3.00 1.86 0.71 3.44 4.33 3.80 2.67 1.21 3.11 1.78 3.94 1.57 2.38 1.36 3.01

I got: 2.99 1.97 1.35 1.25 3.81 4.18 1.60 1.02 2.10 4.98 4.20 4.00 0.99 1.64 3.49 3.24 4.16 1.10 1.52 3.04 2.77 1.85 2.84 1.12 2.67 3.00 1.72 0.72 3.44 4.35 3.80 2.62 1.21 3.11 1.79 3.94 1.58 2.34 1.38 2.98

I got: 3.00 2.43 1.81 1.47 2.61 3.80 2.11 1.36 1.33 4.98 4.23 4.36 1.61 1.07 3.40 3.22 4.02 2.84 1.04 2.56 3.05 2.24 3.42 1.29 2.75 2.79 1.64 1.23 4.30 3.42 3.62 1.86 0.63 3.08 1.97 4.02 1.61 2.94 2.10 1.92

I got: 2.99 2.35 1.81 1.48 2.62 3.98 2.11 1.36 1.33 4.99 4.22 4.37 1.62 1.07 3.55 3.22 4.01 2.84 1.04 2.77 3.05 2.45 3.42 1.27 3.01 2.79 1.62 1.23 4.29 3.41 3.62 1.87 0.63 3.08 1.98 4.02 1.61 3.04 2.10 1.92

I got: 3.00 2.50 1.80 1.46 2.60 3.96 2.12 1.36 1.34 4.98 4.22 4.37 1.62 1.07 3.35 3.21 4.01 2.85 1.03 2.92 3.05 2.42 3.43 1.28 2.80 2.78 1.44 1.23 4.30 3.43 3.61 1.97 0.62 3.08 1.97 4.02 1.61 2.76 2.11 1.92

I got: 2.98 2.53 1.81 1.48 2.61 3.81 2.11 1.37 1.33 4.98 4.22 4.37 1.61 1.07 3.40 3.22 4.01 2.83 1.04 2.92 3.06 2.50 3.43 1.27 2.65 2.78 1.63 1.23 4.29 3.42 3.61 1.70 0.62 3.08 1.97 4.02 1.61 3.07 2.11 1.92

I got: 2.99 2.49 1.81 1.45 2.60 3.82 2.11 1.37 1.33 4.96 4.22 4.37 1.61 1.07 3.34 3.22 4.02 2.83 1.04 2.95 3.05 2.39 3.41 1.28 2.77 2.79 1.59 1.23 4.30 3.42 3.63 1.79 0.62 3.09 1.98 4.03 1.61 3.04 2.10 1.92

I got: 2.99 2.22 1.80 1.47 2.62 3.70 2.11 1.36 1.33 4.97 4.22 4.37 1.62 1.07 3.36 3.21 4.00 2.84 1.05 2.61 3.05 2.23 3.43 1.28 2.70 2.79 1.60 1.23 4.29 3.41 3.62 1.73 0.62 3.08 1.99 4.03 1.61 3.10 2.10 1.93

I got: 2.99 2.42 1.81 1.46 2.61 3.82 2.11 1.36 1.33 4.98 4.21 4.37 1.61 1.07 3.31 3.21 4.01 2.83 1.04 2.84 3.05 2.49 3.42 1.28 2.81 2.79 1.50 1.23 4.30 3.41 3.63 1.97 0.62 3.08 1.97 4.03 1.61 3.06 2.10 1.93

I got: 2.99 2.44 1.82 1.46 2.61 3.82 2.11 1.37 1.33 4.98 4.24 4.37 1.62 1.08 3.40 3.22 4.02 2.85 1.04 2.59 3.05 2.25 3.42 1.28 2.79 2.78 1.63 1.24 4.29 3.42 3.62 1.87 0.63 3.09 1.98 4.03 1.61 3.03 2.11 1.92

I got: 2.99 2.53 1.81 1.47 2.62 3.82 2.11 1.36 1.33 4.97 4.23 4.37 1.62 1.07 3.63 3.22 4.00 2.84 1.04 2.99 3.04 2.45 3.42 1.27 2.93 2.78 1.34 1.23 4.29 3.42 3.61 2.01 0.62 3.08 1.99 4.02 1.61 2.98 2.10 1.93

I got: 2.99 2.47 1.82 1.47 2.61 3.71 2.11 1.36 1.33 4.97 4.25 4.38 1.62 1.07 3.40 3.22 4.02 2.84 1.04 2.96 3.04 2.39 3.42 1.28 2.68 2.78 1.35 1.23 4.29 3.42 3.62 1.91 0.62 3.09 1.98 4.03 1.61 2.97 2.10 1.94

I got: 2.98 2.56 1.81 1.47 2.61 3.70 2.11 1.37 1.33 4.97 4.22 4.37 1.61 1.07 3.33 3.22 4.03 2.84 1.04 2.96 3.06 2.24 3.42 1.28 3.01 2.79 1.68 1.23 4.29 3.42 3.63 2.09 0.62 3.09 1.98 4.02 1.61 2.97 2.10 1.92

I got: 3.00 2.52 1.81 1.49 2.61 3.96 2.11 1.36 1.33 4.97 4.22 4.37 1.61 1.07 3.56 3.21 4.02 2.85 1.03 2.57 3.05 2.23 3.43 1.28 2.95 2.78 1.66 1.24 4.28 3.42 3.63 1.92 0.62 3.08 1.98 4.03 1.61 2.97 2.10 1.92

I got: 2.98 2.45 1.81 1.49 2.62 3.82 2.11 1.37 1.33 4.98 4.25 4.37 1.62 1.07 3.30 3.22 4.01 2.84 1.04 2.65 3.05 2.28 3.42 1.28 2.87 2.79 1.64 1.23 4.29 3.41 3.63 1.93 0.61 3.09 1.99 4.03 1.62 2.96 2.09 1.93

I got: 2.99 2.43 1.81 1.47 2.61 3.83 2.11 1.36 1.32 4.97 4.22 4.37 1.62 1.07 3.39 3.22 4.02 2.85 1.04 2.97 3.05 2.23 3.43 1.28 2.65 2.78 1.63 1.23 4.29 3.42 3.63 1.92 0.62 3.08 1.99 4.01 1.61 2.97 2.10 1.93

I got: 2.99 2.43 1.81 1.48 2.62 3.71 2.11 1.37 1.33 4.98 4.25 4.36 1.62 1.07 3.60 3.22 4.00 2.84 1.04 2.90 3.05 2.51 3.43 1.27 2.80 2.79 1.51 1.24 4.30 3.41 3.62 1.70 0.62 3.09 1.98 4.03 1.61 3.02 2.10 1.94

I got: 2.99 2.44 1.81 1.47 2.61 3.71 2.11 1.37 1.33 4.98 4.23 4.37 1.63 1.07 3.62 3.22 4.00 2.84 1.04 2.99 3.05 2.29 3.43 1.28 2.63 2.79 1.36 1.24 4.30 3.41 3.63 1.88 0.62 3.08 1.97 4.02 1.61 2.97 2.11 1.94

I got: 3.00 2.44 1.81 1.48 2.61 3.95 2.11 1.38 1.33 4.97 4.22 4.37 1.62 1.07 3.59 3.22 4.00 2.84 1.04 2.85 3.05 2.46 3.42 1.28 2.77 2.78 1.56 1.23 4.29 3.41 3.63 1.80 0.62 3.08 1.99 4.02 1.61 2.97 2.10 1.93

I got: 2.99 2.43 1.81 1.48 2.61 3.96 2.11 1.36 1.33 4.98 4.24 4.36 1.62 1.07 3.42 3.22 4.01 2.84 1.04 2.70 3.05 2.42 3.43 1.28 2.99 2.78 1.60 1.24 4.30 3.43 3.62 1.92 0.62 3.08 1.98 4.01 1.61 2.97 2.10 1.93

I got: 2.99 2.56 1.82 1.47 2.61 3.83 2.11 1.36 1.33 4.98 4.26 4.37 1.62 1.07 3.47 3.22 4.02 2.84 1.04 2.58 3.05 2.27 3.41 1.28 2.67 2.78 1.34 1.24 4.30 3.42 3.61 2.02 0.62 3.09 1.99 4.02 1.61 2.97 2.10 1.92

I got: 2.99 2.43 1.81 1.47 2.60 3.82 2.11 1.36 1.32 4.99 4.21 4.37 1.61 1.07 3.41 3.21 4.00 2.84 1.03 2.94 3.05 2.45 3.42 1.29 2.60 2.78 1.53 1.23 4.30 3.41 3.63 1.65 0.62 3.09 1.98 4.02 1.61 3.13 2.10 1.93

I got: 2.99 2.43 1.81 1.47 2.61 3.72 2.11 1.36 1.33 4.99 4.22 4.37 1.61 1.07 3.35 3.21 4.00 2.85 1.04 2.56 3.05 2.46 3.42 1.27 2.57 2.78 1.47 1.23 4.30 3.41 3.61 1.66 0.62 3.09 1.98 4.04 1.61 2.97 2.10 1.93

I got: 2.99 2.46 1.81 1.47 2.61 3.82 2.11 1.37 1.33 4.99 4.23 4.36 1.63 1.07 3.39 3.22 4.02 2.85 1.04 2.75 3.05 2.25 3.43 1.29 2.99 2.78 1.52 1.23 4.30 3.42 3.61 1.84 0.62 3.08 1.99 4.02 1.61 2.97 2.10 1.92

I got: 2.98 2.43 1.81 1.47 2.61 3.83 2.11 1.36 1.33 4.99 4.25 4.36 1.63 1.06 3.40 3.22 4.01 2.84 1.04 2.57 3.05 2.25 3.42 1.27 2.69 2.78 1.55 1.23 4.29 3.41 3.63 1.96 0.62 3.08 1.98 4.02 1.61 3.02 2.10 1.95

I got: 2.99 2.44 1.81 1.47 2.61 3.97 2.11 1.36 1.32 4.99 4.22 4.37 1.61 1.07 3.52 3.22 4.00 2.84 1.04 2.74 3.06 2.24 3.43 1.28 2.86 2.78 1.43 1.23 4.30 3.43 3.62 2.00 0.62 3.08 2.00 4.03 1.61 2.97 2.10 1.92

I got: 3.08 2.77 1.79 1.91 1.52 3.69 2.06 1.72 1.24 4.45 4.28 4.03 1.93 1.21 2.35 3.22 4.01 3.29 1.28 1.59 3.04 2.20 3.31 2.52 1.45 3.08 1.86 1.64 4.47 3.40 2.78 1.24 0.56 3.16 3.28 3.87 1.26 3.08 1.51 1.96

I got: 3.09 2.87 1.79 1.91 1.53 3.69 2.06 1.72 1.23 4.30 4.28 4.30 1.92 1.21 2.11 3.22 4.01 3.28 1.28 1.48 3.04 2.27 3.31 2.51 1.48 3.09 1.85 1.64 4.48 3.39 2.78 1.04 0.56 3.16 3.29 3.88 1.25 3.07 1.51 1.95

I got: 3.10 2.76 1.79 1.90 1.53 3.70 2.06 1.72 1.24 4.35 4.26 4.11 1.93 1.21 2.13 3.22 4.00 3.28 1.27 1.48 3.04 2.20 3.32 2.51 1.45 3.09 1.87 1.65 4.47 3.40 2.78 1.09 0.56 3.16 3.28 3.87 1.26 3.07 1.52 1.95

I got: 3.10 2.54 1.79 1.91 1.53 3.74 2.06 1.71 1.23 4.38 4.30 4.22 1.93 1.20 2.30 3.22 4.01 3.29 1.28 1.47 3.03 2.27 3.31 2.51 1.45 3.09 1.95 1.66 4.48 3.40 2.78 1.20 0.56 3.17 3.30 3.87 1.25 2.86 1.50 1.96

I got: 3.09 2.76 1.79 1.91 1.53 3.57 2.06 1.72 1.25 4.28 4.27 4.15 1.92 1.21 2.26 3.23 4.01 3.28 1.27 1.57 3.05 2.22 3.32 2.52 1.47 3.09 1.86 1.64 4.47 3.40 2.79 1.09 0.56 3.17 3.28 3.87 1.25 3.08 1.51 1.96

I got: 3.10 2.76 1.79 1.90 1.52 3.55 2.07 1.73 1.23 4.30 4.24 4.00 1.93 1.22 2.16 3.22 4.00 3.27 1.27 1.47 3.04 2.20 3.32 2.50 1.47 3.09 1.87 1.65 4.48 3.40 2.78 1.19 0.56 3.16 3.30 3.88 1.26 3.07 1.51 1.96

I got: 3.10 2.84 1.79 1.90 1.54 3.57 2.07 1.72 1.25 4.30 4.27 4.30 1.92 1.22 2.28 3.23 4.01 3.28 1.28 1.56 3.04 2.28 3.33 2.51 1.47 3.09 1.85 1.64 4.47 3.40 2.78 1.15 0.56 3.17 3.27 3.87 1.26 3.07 1.51 1.97

I got: 3.09 2.77 1.79 1.91 1.51 3.74 2.07 1.71 1.23 4.33 4.27 4.30 1.93 1.22 2.19 3.23 4.00 3.29 1.28 1.58 3.03 2.20 3.32 2.51 1.45 3.09 1.86 1.64 4.48 3.41 2.78 1.15 0.56 3.16 3.29 3.88 1.25 3.07 1.52 1.96

I got: 3.09 2.76 1.79 1.91 1.52 3.57 2.06 1.72 1.23 4.37 4.29 4.15 1.93 1.20 2.11 3.23 4.02 3.29 1.27 1.47 3.04 2.20 3.32 2.51 1.46 3.08 1.86 1.64 4.48 3.40 2.79 1.12 0.56 3.17 3.28 3.88 1.26 3.07 1.52 1.96

I got: 3.09 2.73 1.79 1.91 1.53 3.57 2.06 1.72 1.24 4.39 4.29 4.13 1.93 1.21 2.24 3.23 4.00 3.30 1.27 1.58 3.04 2.21 3.31 2.50 1.45 3.08 1.86 1.64 4.48 3.40 2.78 1.05 0.56 3.17 3.29 3.89 1.26 3.08 1.50 1.97

I got: 3.09 2.75 1.80 1.91 1.52 3.57 2.06 1.72 1.24 4.30 4.27 4.11 1.92 1.21 2.11 3.22 4.01 3.29 1.27 1.47 3.04 2.20 3.31 2.51 1.50 3.08 1.94 1.65 4.49 3.40 2.78 1.15 0.56 3.17 3.28 3.88 1.25 3.07 1.51 1.97

I got: 3.09 2.74 1.78 1.90 1.52 3.57 2.06 1.73 1.23 4.41 4.26 4.25 1.93 1.21 2.11 3.22 4.02 3.28 1.28 1.50 3.03 2.20 3.32 2.50 1.44 3.09 1.85 1.64 4.47 3.40 2.79 1.08 0.56 3.16 3.29 3.89 1.26 3.08 1.51 1.95

I got: 3.10 2.77 1.80 1.90 1.53 3.69 2.07 1.71 1.24 4.37 4.29 4.00 1.93 1.21 2.30 3.22 4.00 3.29 1.28 1.54 3.04 2.22 3.31 2.51 1.45 3.08 1.93 1.65 4.48 3.39 2.79 1.19 0.56 3.17 3.29 3.87 1.25 3.07 1.51 1.97

I got: 3.07 2.77 1.79 1.90 1.52 3.57 2.07 1.72 1.24 4.30 4.27 4.01 1.93 1.22 2.11 3.22 4.02 3.29 1.27 1.53 3.05 2.19 3.31 2.50 1.52 3.08 1.93 1.65 4.47 3.39 2.78 1.05 0.56 3.17 3.28 3.87 1.26 3.07 1.52 1.96

I got: 3.09 2.77 1.79 1.92 1.55 3.70 2.06 1.71 1.23 4.29 4.30 4.02 1.93 1.21 2.13 3.21 3.99 3.29 1.26 1.55 3.03 2.28 3.32 2.51 1.45 3.08 1.88 1.64 4.48 3.40 2.78 1.10 0.56 3.16 3.30 3.88 1.25 3.07 1.52 1.98

I got: 3.09 2.76 1.79 1.90 1.54 3.78 2.07 1.72 1.24 4.30 4.27 4.00 1.93 1.21 2.31 3.22 4.03 3.28 1.27 1.48 3.04 2.27 3.33 2.51 1.46 3.09 1.86 1.65 4.48 3.39 2.79 1.20 0.56 3.17 3.27 3.88 1.26 3.08 1.51 1.95

I got: 3.09 2.77 1.79 1.91 1.53 3.55 2.07 1.72 1.23 4.31 4.27 4.06 1.93 1.21 2.10 3.22 3.99 3.29 1.28 1.57 3.05 2.23 3.32 2.51 1.48 3.09 1.86 1.65 4.48 3.40 2.78 1.06 0.56 3.16 3.30 3.87 1.25 3.08 1.51 1.97

I got: 3.09 2.81 1.79 1.91 1.52 3.59 2.07 1.72 1.24 4.40 4.28 3.99 1.93 1.20 2.11 3.21 4.02 3.28 1.26 1.48 3.04 2.19 3.32 2.50 1.45 3.08 1.87 1.65 4.48 3.41 2.78 1.21 0.56 3.16 3.28 3.87 1.26 3.07 1.51 1.95

I got: 3.10 2.90 1.79 1.91 1.54 3.56 2.07 1.72 1.23 4.30 4.29 4.15 1.93 1.21 2.11 3.22 3.99 3.28 1.27 1.57 3.04 2.22 3.31 2.50 1.46 3.08 1.86 1.65 4.47 3.40 2.79 1.05 0.56 3.16 3.29 3.88 1.26 3.07 1.51 1.96

I got: 3.09 2.87 1.79 1.91 1.53 3.57 2.06 1.71 1.24 4.27 4.25 4.01 1.93 1.20 2.12 3.22 4.03 3.29 1.28 1.46 3.04 2.21 3.32 2.51 1.46 3.08 1.86 1.65 4.47 3.40 2.78 1.15 0.56 3.16 3.28 3.88 1.25 3.07 1.52 1.96

I got: 3.09 2.77 1.79 1.91 1.53 3.69 2.06 1.73 1.23 4.42 4.28 4.15 1.93 1.22 2.11 3.22 4.01 3.28 1.27 1.54 3.04 2.25 3.33 2.51 1.46 3.08 1.86 1.64 4.48 3.39 2.78 1.19 0.56 3.17 3.30 3.89 1.26 3.07 1.51 1.97

I got: 3.10 2.93 1.79 1.91 1.54 3.65 2.07 1.73 1.23 4.38 4.27 4.21 1.93 1.21 2.30 3.22 4.00 3.29 1.27 1.47 3.04 2.27 3.33 2.50 1.45 3.08 1.92 1.65 4.48 3.40 2.79 1.05 0.56 3.16 3.29 3.88 1.26 3.07 1.51 1.96

I got: 3.09 2.78 1.78 1.92 1.52 3.57 2.07 1.72 1.25 4.39 4.27 4.00 1.93 1.21 2.11 3.22 4.01 3.28 1.28 1.48 3.04 2.26 3.31 2.50 1.51 3.09 1.93 1.65 4.47 3.39 2.79 1.06 0.56 3.16 3.28 3.89 1.25 3.07 1.50 1.97

I got: 3.10 2.86 1.79 1.91 1.52 3.75 2.07 1.72 1.23 4.32 4.28 4.05 1.93 1.22 2.11 3.22 4.00 3.28 1.26 1.46 3.04 2.26 3.32 2.50 1.46 3.08 1.85 1.65 4.47 3.40 2.79 1.19 0.56 3.16 3.28 3.88 1.25 3.07 1.51 1.96

I got: 3.09 2.77 1.78 1.91 1.53 3.56 2.07 1.72 1.24 4.29 4.29 4.12 1.93 1.21 2.24 3.22 4.02 3.28 1.27 1.46 3.04 2.20 3.31 2.50 1.52 3.09 1.87 1.65 4.47 3.39 2.79 1.22 0.56 3.16 3.29 3.89 1.26 3.08 1.51 1.95

I got: 3.09 2.83 1.79 1.91 1.53 3.56 2.06 1.71 1.24 4.28 4.29 4.02 1.92 1.21 2.30 3.22 4.00 3.28 1.27 1.46 3.05 2.21 3.32 2.50 1.46 3.08 1.92 1.64 4.47 3.39 2.78 1.04 0.56 3.16 3.30 3.89 1.25 3.07 1.52 1.96

I got: 3.08 2.76 1.79 1.91 1.52 3.56 2.07 1.72 1.25 4.35 4.26 4.14 1.93 1.20 2.11 3.22 4.00 3.28 1.27 1.57 3.04 2.20 3.31 2.50 1.45 3.08 1.86 1.65 4.48 3.39 2.78 1.04 0.56 3.17 3.28 3.88 1.26 3.07 1.51 1.96

I got: 3.09 2.76 1.79 1.92 1.54 3.70 2.07 1.72 1.24 4.30 4.26 4.06 1.92 1.22 2.12 3.23 4.00 3.29 1.27 1.46 3.04 2.22 3.32 2.51 1.44 3.09 1.86 1.65 4.48 3.40 2.79 1.17 0.56 3.16 3.28 3.88 1.26 3.07 1.52 1.96

I got: 3.09 2.76 1.79 1.92 1.52 3.59 2.07 1.72 1.23 4.30 4.27 4.01 1.92 1.21 2.28 3.22 4.01 3.29 1.27 1.48 3.04 2.24 3.31 2.51 1.46 3.08 1.86 1.65 4.47 3.40 2.78 1.15 0.56 3.16 3.29 3.87 1.25 3.07 1.51 1.95

I got: 3.09 2.77 1.79 1.91 1.52 3.69 2.07 1.72 1.23 4.43 4.28 4.01 1.92 1.21 2.12 3.23 4.00 3.29 1.27 1.56 3.04 2.26 3.33 2.51 1.48 3.08 1.85 1.64 4.47 3.40 2.78 1.04 0.56 3.16 3.29 3.88 1.26 3.08 1.51 1.97

I got: 3.09 2.91 1.80 1.91 1.53 3.56 2.06 1.73 1.23 4.34 4.29 4.01 1.92 1.21 2.17 3.23 4.01 3.29 1.27 1.48 3.04 2.25 3.31 2.51 1.52 3.09 1.87 1.65 4.48 3.40 2.78 1.19 0.56 3.16 3.29 3.88 1.26 3.07 1.52 1.97

I got: 3.10 2.77 1.79 1.90 1.52 3.74 2.07 1.72 1.24 4.30 4.26 4.01 1.93 1.20 2.28 3.22 4.00 3.28 1.27 1.53 3.04 2.27 3.31 2.51 1.45 3.09 1.87 1.65 4.48 3.39 2.78 1.05 0.57 3.16 3.29 3.89 1.26 3.08 1.51 1.96

I got: 3.09 2.77 1.80 1.92 1.52 3.56 2.06 1.72 1.23 4.37 4.28 4.18 1.93 1.21 2.11 3.22 4.02 3.30 1.27 1.47 3.04 2.20 3.32 2.51 1.50 3.08 1.87 1.64 4.49 3.39 2.78 1.04 0.56 3.17 3.30 3.88 1.26 3.07 1.52 1.96

I got: 3.10 2.77 1.79 1.91 1.52 3.55 2.07 1.73 1.24 4.39 4.30 4.00 1.93 1.21 2.11 3.23 4.01 3.30 1.27 1.54 3.04 2.26 3.33 2.50 1.46 3.09 1.92 1.64 4.47 3.40 2.78 1.04 0.56 3.16 3.29 3.88 1.26 3.07 1.51 1.96

I got: 3.09 2.85 1.79 1.91 1.53 3.56 2.07 1.72 1.24 4.46 4.26 4.13 1.93 1.21 2.10 3.22 4.00 3.30 1.28 1.47 3.04 2.21 3.31 2.51 1.50 3.08 1.91 1.65 4.48 3.40 2.78 1.17 0.56 3.17 3.29 3.89 1.26 3.08 1.51 1.96

I got: 3.09 2.76 1.79 1.91 1.53 3.56 2.07 1.72 1.24 4.30 4.26 4.25 1.93 1.21 2.12 3.22 4.00 3.28 1.27 1.47 3.04 2.21 3.32 2.51 1.46 3.09 1.90 1.64 4.49 3.39 2.78 1.04 0.56 3.17 3.29 3.88 1.25 3.07 1.52 1.96

I got: 3.09 2.89 1.79 1.91 1.51 3.66 2.07 1.72 1.23 4.31 4.28 4.30 1.92 1.21 2.20 3.22 4.01 3.29 1.27 1.47 3.04 2.27 3.31 2.51 1.46 3.09 1.87 1.65 4.47 3.40 2.78 1.16 0.56 3.16 3.30 3.87 1.26 3.07 1.51 1.95

I got: 3.09 2.77 1.79 1.90 1.53 3.57 2.07 1.72 1.23 4.30 4.30 4.00 1.93 1.21 2.30 3.22 3.99 3.30 1.27 1.51 3.04 2.25 3.33 2.50 1.45 3.09 1.86 1.64 4.47 3.40 2.78 1.12 0.56 3.17 3.29 3.87 1.26 3.07 1.52 1.97

I got: 3.09 2.77 1.79 1.90 1.52 3.59 2.07 1.72 1.24 4.39 4.26 3.99 1.93 1.21 2.27 3.23 4.00 3.30 1.27 1.55 3.04 2.21 3.33 2.50 1.45 3.08 1.87 1.65 4.47 3.40 2.78 1.05 0.56 3.16 3.28 3.89 1.26 3.07 1.52 1.96

I got: 3.09 2.77 1.80 1.91 1.52 3.73 2.07 1.73 1.24 4.29 4.30 4.29 1.93 1.21 2.12 3.22 3.99 3.29 1.28 1.54 3.04 2.21 3.33 2.50 1.45 3.09 1.86 1.65 4.48 3.39 2.78 1.18 0.56 3.16 3.29 3.89 1.26 3.07 1.52 1.95

I got: 3.09 2.76 1.79 1.91 1.52 3.74 2.07 1.72 1.24 4.33 4.28 4.04 1.92 1.20 2.25 3.22 4.01 3.29 1.27 1.47 3.04 2.22 3.32 2.51 1.46 3.08 1.88 1.65 4.48 3.41 2.78 1.04 0.56 3.17 3.29 3.89 1.26 3.08 1.52 1.96

I got: 3.09 2.76 1.79 1.91 1.53 3.57 2.07 1.72 1.24 4.30 4.27 3.99 1.93 1.22 2.12 3.23 4.00 3.28 1.27 1.47 3.04 2.20 3.32 2.50 1.45 3.08 1.86 1.65 4.47 3.40 2.79 1.04 0.55 3.17 3.30 3.88 1.26 3.07 1.51 1.96

I got: 3.10 2.77 1.79 1.91 1.52 3.69 2.07 1.72 1.23 4.38 4.26 3.98 1.92 1.21 2.31 3.21 4.02 3.28 1.27 1.51 3.04 2.20 3.31 2.51 1.48 3.08 1.86 1.64 4.48 3.40 2.78 1.04 0.56 3.16 3.29 3.88 1.26 3.07 1.51 1.97

I got: 2.83 2.44 1.61 1.78 3.42 3.66 1.87 1.47 1.85 4.94 4.17 3.84 1.67 1.47 2.96 3.17 3.93 3.01 1.54 2.23 2.99 2.09 3.15 3.01 2.34 3.08 1.75 1.46 4.42 4.52 3.68 1.90 1.03 3.41 3.76 3.70 1.40 2.84 1.99 3.65

I got: 2.79 2.43 1.59 1.79 3.47 3.52 1.88 1.50 1.87 4.95 4.17 4.11 1.67 1.45 2.96 3.17 3.92 2.97 1.52 2.23 3.00 2.12 3.19 3.03 2.37 3.08 1.77 1.44 4.38 4.51 3.68 1.87 1.02 3.40 3.80 3.73 1.40 2.99 1.99 3.63

I got: 2.80 2.39 1.59 1.79 3.49 3.59 1.90 1.50 1.89 4.94 4.19 3.84 1.67 1.45 2.96 3.17 3.92 2.97 1.52 2.18 3.00 2.12 3.22 3.02 2.33 3.07 1.76 1.44 4.38 4.52 3.68 1.89 1.02 3.39 3.77 3.70 1.40 2.86 2.01 3.65

I got: 2.81 2.29 1.58 1.76 3.43 3.66 1.88 1.49 1.90 4.95 4.21 4.03 1.70 1.48 2.96 3.18 3.88 2.98 1.52 2.19 2.99 2.20 3.19 3.00 2.33 3.08 1.77 1.48 4.40 4.52 3.68 1.88 1.01 3.39 3.76 3.70 1.41 3.06 2.00 3.65

I got: 2.81 2.29 1.59 1.78 3.43 3.67 1.87 1.49 1.88 4.95 4.20 3.97 1.68 1.48 2.95 3.17 3.89 2.99 1.54 2.20 2.99 2.11 3.19 3.00 2.35 3.08 1.76 1.46 4.40 4.51 3.69 1.89 1.03 3.40 3.76 3.69 1.39 2.85 1.98 3.66

I got: 2.82 2.51 1.60 1.79 3.43 3.66 1.87 1.48 1.85 4.94 4.17 3.88 1.68 1.46 2.94 3.17 3.92 3.00 1.54 2.21 2.99 2.10 3.16 3.02 2.36 3.08 1.82 1.45 4.40 4.51 3.69 1.89 1.03 3.40 3.77 3.71 1.41 3.02 1.99 3.65

I got: 2.81 2.36 1.59 1.78 3.45 3.51 1.88 1.49 1.88 4.94 4.19 4.01 1.67 1.45 2.91 3.17 3.91 2.99 1.52 2.20 3.00 2.11 3.19 3.03 2.34 3.08 1.75 1.44 4.39 4.50 3.68 1.96 1.02 3.40 3.78 3.72 1.41 2.87 1.99 3.64

I got: 2.80 2.40 1.59 1.79 3.47 3.52 1.88 1.50 1.89 4.94 4.19 3.90 1.68 1.46 2.93 3.16 3.93 2.98 1.52 2.21 3.00 2.13 3.21 3.01 2.33 3.08 1.77 1.45 4.40 4.51 3.67 1.88 1.03 3.39 3.77 3.70 1.41 3.10 2.00 3.64

I got: 2.82 2.43 1.59 1.77 3.44 3.72 1.88 1.49 1.89 4.94 4.17 3.89 1.69 1.48 3.01 3.17 3.90 2.99 1.53 2.19 2.99 2.12 3.20 3.01 2.33 3.08 1.76 1.47 4.40 4.51 3.69 1.89 1.02 3.39 3.77 3.69 1.41 2.86 2.00 3.65

I got: 2.81 2.30 1.59 1.77 3.43 3.52 1.87 1.49 1.88 4.95 4.20 3.85 1.68 1.47 2.95 3.17 3.92 2.99 1.54 2.22 2.99 2.12 3.18 3.03 2.37 3.09 1.77 1.46 4.40 4.51 3.69 1.89 1.03 3.40 3.77 3.70 1.40 3.00 1.99 3.66

I got: 2.81 2.50 1.60 1.78 3.44 3.66 1.88 1.49 1.87 4.95 4.19 4.00 1.68 1.46 2.92 3.17 3.91 2.99 1.53 2.19 3.00 2.10 3.17 3.01 2.34 3.07 1.75 1.45 4.40 4.50 3.68 1.88 1.03 3.40 3.78 3.71 1.41 3.09 2.00 3.65

I got: 2.81 2.45 1.59 1.79 3.46 3.53 1.89 1.50 1.89 4.95 4.18 3.87 1.68 1.46 2.93 3.17 3.91 2.98 1.52 2.23 3.00 2.11 3.19 3.02 2.33 3.09 1.76 1.45 4.40 4.48 3.69 1.93 1.02 3.40 3.78 3.71 1.41 2.86 1.99 3.64

I got: 2.80 2.29 1.59 1.78 3.46 3.77 1.88 1.50 1.89 4.94 4.17 4.02 1.68 1.46 2.95 3.17 3.91 2.99 1.52 2.19 3.00 2.13 3.21 3.01 2.33 3.09 1.76 1.46 4.40 4.50 3.68 1.96 1.02 3.40 3.77 3.71 1.41 2.85 1.99 3.67

I got: 2.82 2.30 1.59 1.78 3.44 3.53 1.88 1.49 1.88 4.95 4.19 4.17 1.68 1.47 2.96 3.16 3.91 2.99 1.53 2.22 3.00 2.13 3.19 3.01 2.33 3.08 1.86 1.47 4.41 4.51 3.69 2.00 1.02 3.40 3.76 3.70 1.41 2.93 2.01 3.67

I got: 2.82 2.60 1.59 1.78 3.43 3.73 1.87 1.49 1.87 4.95 4.17 3.88 1.68 1.46 2.94 3.17 3.91 3.00 1.53 2.23 2.99 2.13 3.20 3.01 2.33 3.08 1.78 1.45 4.39 4.51 3.69 1.89 1.04 3.40 3.77 3.70 1.41 3.08 1.99 3.65

I got: 2.81 2.55 1.60 1.78 3.46 3.52 1.87 1.49 1.87 4.94 4.17 4.01 1.68 1.45 2.93 3.17 3.92 2.99 1.53 2.20 2.99 2.11 3.20 3.02 2.34 3.08 1.75 1.45 4.40 4.51 3.69 1.96 1.03 3.40 3.79 3.72 1.41 2.87 2.00 3.65

I got: 2.80 2.28 1.60 1.78 3.46 3.53 1.89 1.50 1.88 4.95 4.18 4.18 1.68 1.46 2.96 3.17 3.92 2.99 1.52 2.19 2.99 2.12 3.20 3.01 2.35 3.08 1.76 1.45 4.40 4.51 3.68 1.94 1.02 3.39 3.78 3.71 1.41 2.87 2.00 3.65

I got: 2.82 2.49 1.59 1.78 3.45 3.76 1.89 1.50 1.88 4.94 4.17 3.97 1.69 1.47 3.02 3.18 3.92 2.99 1.52 2.26 2.99 2.20 3.21 3.01 2.33 3.08 1.82 1.46 4.39 4.49 3.68 1.92 1.03 3.39 3.77 3.70 1.40 2.86 2.00 3.65

